X_bee_entrance_traffic_hourly_mean	Y_next_hour_weight_change_kg
1047.1666667	0.008283329999999367
522.5	0.0056083300000011604
374.41666667	0.004591669999999937
651.41666667	0.019433330000000026
666.5	0.02383333999999948
868.5	0.021166660000000448
1340.6666667	0.014899999999999025
946.75	0.0018416700000010167
842.33333333	-0.035891670000001596
271.41666667	-0.035024999999999196
229.41666667	0.02338334000000053
388.58333333	0.08511665999999884
298.0	0.036591669999999965
528.33333333	0.026808329999999714
631.5	0.006716669999999425
553.83333333	0.014441659999999246
711.66666667	0.014475000000000904
845.41666667	0.028425000000000367
647.5	0.020574999999999122
589.16666667	-0.014408330000000191
412.0	0.006083330000000942
329.0	-0.021325000000000927
209.83333333	-0.015733329999999768
413.75	0.048683330000001135
229.58333333	0.10511666999999925
75.583333333	0.0061833300000007085
793.66666667	-0.0054666599999997345
581.5	0.004825000000000301
357.16666667	0.023541659999999354
582.83333333	0.01995834000000052
470.0	0.01221665999999999
456.91666667	0.02090834000000008
472.16666667	0.020574999999999122
323.83333333	0.00926665999999976
102.0	0.02528334000000143
194.66666667	-0.0457083400000009
98.75	0.05110834000000075
209.91666667	0.10910832999999975
28.75	0.05008332999999965
470.75	-0.0008250000000007418
423.25	0.003458330000000842
432.16666667	0.03247499999999981
245.91666667	0.04735832999999978
305.41666667	0.045399999999999
366.5	0.036183340000000896
403.5	0.008308330000000197
360.91666667	0.016616669999999445
237.66666667	0.02260833000000062
128.91666667	0.017258329999998878
82.75	-0.003133329999998935
60.916666667	0.08427499999999988
28.833333333	0.05144166999999911
179.41666667	-0.005616670000000212
370.58333333	0.02075000000000138
588.33333333	0.04279999999999973
168.25	0.03944167000000043
393.5	0.05001666999999976
412.08333333	0.030358329999998546
220.58333333	-0.06969999999999921
99.0	-0.030691669999999505
177.16666667	-0.027766660000001053
91.833333333	0.016525000000001455
102.91666667	0.04786665999999862
122.41666667	0.09017500000000034
72.083333333	0.03141667000000048
320.58333333	-0.012108330000000223
122.83333333	0.006583329999999776
197.66666667	0.0230750000000004
239.83333333	0.030974999999999753
129.5	0.010816670000000528
186.83333333	0.024966669999999525
388.41666667	0.00800832999999912
211.41666667	-0.00134999999999863
75.333333333	0.024074999999999847
150.5	0.029741669999999942
121.58333333	0.005483329999998787
128.58333333	0.08639167000000114
43.166666667	0.025983329999998972
192.75	-0.01471667000000032
129.75	0.009416670000000238
285.16666667	0.02100832999999902
213.58333333	0.022575000000001566
320.0	0.034724999999999895
363.5	0.02938332999999993
512.08333333	-0.0032916600000003626
240.58333333	0.06347500000000039
43.25	0.0214833299999988
453.66666667	-0.01484166999999914
529.0	-0.00694999999999979
489.25	-0.0003416600000001324
584.16666667	-0.0031583400000005923
425.16666667	-0.055633339999999976
263.91666667	0.021158339999999498
351.08333333	0.018816660000000596
227.91666667	0.0021833400000002
181.91666667	0.005449999999999733
296.0	0.021250000000000213
556.33333333	-0.0010666700000001583
235.16666667	0.0044833299999993415
230.08333333	0.005275000000001029
124.41666667	0.020316669999999704
47.25	0.023249999999999105
27.333333333	0.07374167000000043
65.083333333	0.025308329999999657
477.41666667	-0.00243332999999879
216.08333333	0.02132499999999915
361.5	0.02756667000000057
226.08333333	0.028091659999999408
466.16666667	0.02833333999999965
463.41666667	0.02076666000000138
290.75	-0.007650000000001711
516.83333333	0.013608340000001107
196.41666667	-0.019574999999999676
62.916666667	0.01264999999999894
86.916666667	0.04978333000000035
32.75	0.10197500000000126
36.5	0.02258332999999979
353.75	-0.012100000000000222
203.0	0.03089999999999904
277.58333333	0.022716670000001216
477.58333333	0.037041659999999865
436.91666667	0.01019999999999932
362.75	0.020141669999999223
252.91666667	-0.008549999999999613
99.583333333	0.02476666999999999
44.166666667	-0.04024167000000034
35.083333333	0.013091670000001443
41.083333333	0.026141659999998623
51.833333333	0.1004750000000012
20.666666667	0.053316670000000954
449.0	0.0024083299999997365
274.41666667	0.026324999999999932
248.41666667	0.01875833000000071
145.25	0.023083339999999453
253.41666667	0.033449999999998425
278.5	0.015516660000002958
282.66666667	-0.006099999999999994
356.66666667	0.013149999999999551
162.75	-0.03248333000000159
91.25	-0.017191669999998993
101.66666667	0.05041667000000061
96.833333333	0.0880833299999999
46.5	0.03152499999999847
574.0	-0.008308330000001973
444.33333333	0.029033330000000745
337.58333333	0.09984167
120.33333333	-0.04094166999999871
177.91666667	0.01729999999999876
272.25	0.021058329999998904
275.0	-0.011849999999999028
291.91666667	0.0025166699999985553
173.16666667	0.0029416700000020057
244.66666667	0.00557500000000033
144.25	0.041808329999998506
118.58333333	0.07524167000000048
88.75	0.027391659999999263
463.16666667	-0.032125000000000625
238.41666667	0.028358329999999654
297.83333333	0.0309500000000007
226.41666667	0.03123334
217.58333333	0.020699999999997942
224.83333333	0.008841660000001639
308.08333333	0.005333339999999964
362.58333333	0.00801665999999912
256.0	-0.004883329999998409
142.16666667	0.019116669999998948
97.083333333	0.0005750000000013245
75.833333333	0.07061665999999889
29.5	0.017125000000000057
195.75	-0.023025000000000517
143.58333333	0.023708329999998057
62.416666667	0.027933340000000584
73.083333333	0.025500000000000966
111.83333333	0.019708330000000274
118.0	0.007483329999999455
327.66666667	-0.0005583300000004954
377.75	0.010841670000001358
525.25	0.015058329999998676
106.66666667	0.032450000000000756
96.416666667	0.05549166999999855
70.333333333	0.04805832999999993
58.75	-0.0012083299999972041
105.91666667	0.00013333999999787238
129.33333333	0.03001666000000114
266.58333333	0.03388333999999915
87.333333333	0.02262500000000145
121.33333333	0.010774999999998869
244.91666667	0.009550000000000836
169.75	-0.006616669999999658
298.66666667	0.005166669999997708
431.08333333	0.007041660000002281
328.75	0.008699999999997488
165.66666667	0.01074167000000159
23.833333333	-0.0017833299999985286
24.333333333	-0.00872500000000187
248.58333333	0.003575000000001438
180.33333333	0.021074999999999733
275.66666667	0.03170000000000073
79.166666667	0.020516669999999237
135.66666667	0.01285000000000025
494.75	0.0007583300000000293
305.0	-0.001474999999999227
630.08333333	-0.001100000000000989
535.0	-0.0041916600000000415
390.0	-0.002808340000001408
291.33333333	-0.00108333000000016
283.25	0.0032750000000021373
46.666666667	-0.00619166999999976
117.75	0.018991659999997523
119.41666667	0.025166670000000835
111.66666667	0.03685833000000116
218.83333333	0.02830833999999882
370.0	0.014491660000000905
260.25	-0.004349999999998744
238.41666667	-0.009891660000000968
241.91666667	-0.0032166700000004766
284.83333333	-0.001766669999998527
350.16666667	0.004833339999997577
350.25	-0.004683339999999703
232.41666667	0.003108340000000709
91.416666667	-0.0036249999999995453
90.916666667	-0.0197083400000011
128.91666667	0.017900000000000915
59.833333333	0.04329166999999856
190.25	0.03777499999999989
221.66666667	0.014341670000000306
442.91666667	0.0006500000000002615
274.58333333	-0.002741669999998919
420.83333333	-0.0046416700000015965
296.0	-0.0052916600000010305
228.58333333	0.0038916600000007406
337.75	0.005758339999999862
16.5	0.0003416600000001324
48.833333333	-0.00906665999999845
144.91666667	0.0150333300000014
146.16666667	0.024433329999997255
210.58333333	0.040008339999999976
186.08333333	0.03990000000000293
300.58333333	0.031783329999999665
217.25	0.009216670000000704
232.25	-0.0057000000000009265
316.66666667	-0.002866669999999516
274.75	-0.003875000000000739
367.58333333	-0.0062666699999986974
161.5	0.005391669999998072
17.916666667	0.0021666700000011474
27.333333333	-0.007441670000002176
226.75	0.026958329999999364
87.916666667	0.01640000000000086
172.5	0.028733329999997892
84.25	0.03641667000000126
198.91666667	0.0360666700000003
248.33333333	0.017841659999998427
305.0	0.0062083400000005895
304.25	-0.0073666699999996865
257.41666667	0.00110833000000099
88.833333333	0.0074416699999986236
13.583333333	-0.001300000000000523
19.333333333	-0.0006833299999975395
25.25	-0.0071166700000020455
93.833333333	0.019908329999999808
114.41666667	0.02766666999999856
286.33333333	0.04310000000000258
124.66666667	0.05071666999999991
210.66666667	0.040158330000000575
243.08333333	0.013258329999999319
154.33333333	-0.0029416600000011783
144.41666667	-0.008708339999998316
209.08333333	-0.004925000000000068
187.0	0.006766669999997532
51.833333333	0.008916670000001403
33.583333333	-0.009566670000001665
18.0	0.007466670000003006
186.0	0.011466669999997237
123.33333333	0.020991670000000795
191.5	0.03439166000000071
86.583333333	0.04475834000000134
133.25	0.04467499999999802
147.91666667	0.021308330000000097
197.83333333	0.006050000000001887
220.41666667	0.00243332999999879
405.25	0.005324999999999136
232.75	0.009766670000001199
61.583333333	0.014133329999999944
25.75	0.004016669999998612
41.75	-0.008924999999997851
174.0	-0.039425000000001376
146.83333333	0.028708340000001442
183.58333333	0.03879999999999839
53.583333333	0.033508330000000086
91.333333333	0.036325000000001495
165.41666667	0.04124999999999801
230.41666667	0.01947499999999991
216.5	0.005816670000001523
373.66666667	0.002583330000000217
153.5	0.005983329999999398
42.166666667	0.0010416699999993284
28.75	0.005400000000001626
82.666666667	-0.00730000000000075
194.91666667	0.0017416600000004223
164.58333333	0.02595833999999897
266.41666667	0.03860000000000241
138.0	0.04201665999999804
113.66666667	0.03792500000000132
140.0	0.03706666999999797
211.08333333	0.025466670000000136
234.08333333	0.02507500000000107
160.33333333	0.021458330000001524
49.666666667	0.027091669999997237
66.166666667	0.021075000000003286
36.166666667	-0.0012500000000024158
16.416666667	-0.013358339999999913
102.41666667	0.005208330000002093
125.08333333	0.024558329999997852
224.33333333	0.03851666999999992
225.0	0.053366670000002614
216.33333333	0.055749999999999744
201.66666667	0.012574999999998226
342.08333333	-0.001708340000000419
298.5	-0.006016660000000229
196.08333333	-0.0012666699999996922
129.5	0.006483330000001786
232.5	0.005050000000000665
174.66666667	-0.0033000000000029672
100.75	-0.013816659999999814
265.25	-0.05773333000000136
125.75	0.0016666700000023127
142.66666667	0.03195832999999837
116.58333333	0.041558330000000865
144.08333333	0.02798333999999869
159.5	0.020841660000002094
158.25	0.02520833999999894
193.33333333	0.029616659999998518
218.33333333	0.016450000000002518
130.83333333	0.002758339999999748
101.41666667	0.00274999999999892
63.166666667	-0.00200833999999972
44.25	-0.010425000000001461
284.41666667	0.019400000000000972
183.91666667	0.004566669999999107
104.25	0.04135000000000133
189.83333333	0.04529999999999745
115.75	0.03730000000000189
153.91666667	0.019375000000000142
132.16666667	-0.00020834000000036212
167.83333333	0.0
156.75	0.008016669999999948
250.75	0.007758329999997926
185.5	0.012225000000000819
89.083333333	0.009341670000001301
81.333333333	-0.007816670000000414
157.91666667	0.04968210999999911
16.833333333	0.016151220000001132
48.75	0.03884167000000005
127.33333333	0.0467166600000013
273.91666667	0.03676666999999867
382.58333333	0.03310000000000102
576.25	0.01629999999999754
540.25	0.0008499999999997954
622.16666667	-0.008316669999999249
309.58333333	-0.005908330000000461
170.0	-0.004974999999998175
24.833333333	-0.004883330000001962
22.333333333	-0.00894166999999868
221.83333333	0.021441660000000695
349.08333333	0.010749999999998039
254.66666667	0.025208340000002494
117.5	0.020666659999999837
150.58333333	0.029274999999998386
366.16666667	0.03566667000000123
408.5	0.01608333000000073
469.08333333	0.011599999999997834
490.25	0.01688333999999969
427.33333333	0.0011666600000026506
368.0	0.003083339999999879
196.41666667	0.0018416600000001893
36.416666667	-0.01089166000000219
366.66666667	-0.030666669999998675
100.41666667	-0.013875000000002302
153.25	0.0014250000000011198
72.083333333	0.008741669999999147
95.333333333	0.010866670000002188
185.08333333	0.022091659999997404
214.16666667	0.035191669999999675
196.66666667	0.04279167000000328
231.5	-0.002741670000002472
250.33333333	-0.004933330000000069
178.41666667	-0.003458339999998117
84.916666667	-0.001008330000001223
49.416666667	-0.0017500000000012506
494.5	-0.011258340000001255
425.5	-0.0012833299999996939
248.41666667	-0.015183329999999273
204.16666667	-0.006599999999998829
177.33333333	0.0009249999999987324
197.83333333	0.005075000000001495
185.91666667	0.003849999999999909
293.58333333	-0.010025000000002393
222.25	-0.00033333999999740627
85.25	0.05653333999999788
274.0	0.01640833000000086
80.333333333	0.001491670000000056
37.166666667	-0.003991670000001335
816.25	-0.015504169999999817
398.0	0.007504170000000698
104.0	0.0033499999999975216
73.25	0.0039583300000032295
87.333333333	-0.005791659999999865
214.25	0.001141659999998268
252.33333333	0.011083339999998998
171.58333333	0.008533330000002337
26.5	0.02559999999999718
63.833333333	0.006558330000000723
40.25	-0.0011249999999982663
61.666666667	-0.0001333300000005977
68.916666667	-0.0032583300000013082
678.25	-0.04702500000000143
307.41666667	0.0031333300000007114
325.08333333	-0.00032500000000013074
265.66666667	-0.0012083300000007569
147.33333333	-0.0009916699999976686
167.08333333	0.003141669999997987
109.33333333	0.004008330000001337
172.91666667	0.019574999999999676
80.916666667	0.04623334000000057
169.41666667	0.005733329999998205
104.0	-0.0024749999999968963
33.166666667	0.0004083299999990686
55.083333333	-0.0016999999999995907
534.16666667	-0.00010833999999704247
247.75	-0.009058330000002002
250.16666667	0.0249750000000013
777.5	-0.0009666700000003914
671.5	-0.0018416600000001893
680.33333333	-0.007533340000001942
542.5	-0.017149999999997334
246.16666667	-0.03618333000000007
199.41666667	0.009899999999998244
138.91666667	0.018216670000001045
365.0	0.02331665999999899
213.75	0.028983339999999913
67.5	0.001474999999999227
1568.8333333	-0.029958329999999478
1107.6666667	-0.01804999999999879
755.0	-0.0012833400000005213
469.66666667	0.003983340000001334
339.33333333	-0.0007083400000027495
353.66666667	0.0010583400000001575
278.0	-0.0013416699999986292
430.25	-0.004874999999998408
192.91666667	0.030191669999997117
483.16666667	0.03332500000000138
167.83333333	0.003608329999998716
60.5	-0.0007916699999981347
23.333333333	-0.0027083300000008137
1055.3333333	-0.015833329999999535
495.75	-0.001100000000000989
451.16666667	0.005741669999999033
217.25	0.0027250000000016428
188.66666667	0.0029916599999992854
218.16666667	0.004566669999999107
524.91666667	0.03365000000000151
540.66666667	0.012125000000001052
276.33333333	0.003341669999997521
241.58333333	-0.0007666699999973048
301.83333333	-0.00140000000000029
147.66666667	-0.002525000000002109
69.916666667	-0.002666669999999982
1360.0	-0.02586666000000193
1416.4166667	-0.017466670000001017
472.5	-0.00579166999999714
331.08333333	0.0060916699999999935
439.33333333	0.004366669999999573
326.33333333	0.001549999999998164
269.0	0.009608329999998944
382.91666667	-0.013208329999997659
253.83333333	-0.007733340000001476
215.33333333	0.0414916699999992
202.33333333	0.004916670000000067
176.33333333	-0.003841669999999908
56.583333333	-0.0031999999999996476
1266.75	-0.026924999999998533
1147.8333333	-0.0032999999999994145
611.33333333	0.0076583399999989865
436.08333333	0.004708329999999705
406.5	0.005424999999998903
351.58333333	0.005158330000000433
469.83333333	0.006966670000000619
631.66666667	-0.0008249999999989654
424.0	0.0003583300000009615
196.0	0.011116669999999829
192.91666667	0.022758329999998494
95.333333333	0.017258340000001482
10.25	-0.0022916700000017443
740.5	-0.008799999999997254
680.58333333	0.009641669999997049
316.33333333	0.014366660000000309
241.58333333	0.010525000000001228
506.16666667	0.00893333999999868
462.83333333	7.500000000248974e-05
299.41666667	0.008250000000000313
297.83333333	0.012741659999999655
171.08333333	0.009133339999998213
193.0	0.005050000000000665
169.83333333	0.0001583300000014276
54.166666667	0.00721666999999826
12.083333333	-0.004858339999998407
1163.3333333	0.04465834000000157
970.5	0.0021500000000003183
1493.5833333	-0.0025833400000010442
1148.5	-0.010474999999999568
460.58333333	0.000333340000000959
319.83333333	-0.009041670000002
318.66666667	-0.008374999999997357
450.0	-0.0018750000000018474
281.66666667	-0.0018999999999991246
281.41666667	-0.0002999999999993008
243.5	0.010091669999997777
168.25	0.006508329999999063
42.083333333	-0.0031583299999979886
1277.6666667	-0.02601667000000063
1168.5	-0.004283329999999808
906.66666667	-0.0045000000000001705
632.91666667	-0.004166670000000039
444.75	-0.0008083299999981364
248.16666667	0.0016083299999998246
329.58333333	0.0019833299999980625
430.75	0.003133340000001539
268.41666667	-0.008566670000000443
260.58333333	-0.014058330000001007
187.83333333	0.032908330000001484
188.5	0.03504166999999825
70.833333333	-0.0007749999999973056
1141.75	-0.025116670000002728
988.91666667	0.008310420000000818
415.41666667	0.008964580000000666
365.5	0.0070000000000014495
248.5	0.009224999999997152
374.33333333	0.011583330000000558
614.16666667	0.01045000000000229
504.41666667	0.007916669999996628
188.16666667	0.023716670000002438
248.5	0.023091659999998626
264.33333333	0.010541670000002057
86.75	0.0021749999999975955
27.5	-0.005483330000000564
665.16666667	-0.015166670000002824
411.83333333	0.01293333000000274
359.58333333	0.017816669999998425
616.08333333	0.018941670000000244
539.16666667	0.01774999999999949
578.66666667	0.012991660000000849
572.33333333	0.005924999999997738
665.25	0.006125000000000824
565.08333333	0.014749999999999375
582.58333333	0.016366670000000028
502.83333333	0.007941670000001011
433.58333333	0.0007750000000008583
34.083333333	-0.008041670000000778
1012.0	-0.02109999999999701
685.58333333	0.0021583299999967664
440.58333333	0.011383330000001024
224.25	0.00871667000000187
316.5	0.010199999999997544
374.75	0.010525000000001228
521.25	0.009975000000000733
457.16666667	0.010099999999997777
535.83333333	0.017216669999999823
468.16666667	0.01539166000000236
376.5	0.014399999999998414
158.91666667	0.000333340000000959
25.916666667	-0.007983339999999117
879.41666667	-0.02184999999999704
1114.5	-0.02776667000000188
770.66666667	-0.008099999999998886
685.08333333	0.007183340000000982
642.75	0.004274999999999807
487.91666667	0.007583329999999222
434.41666667	0.008258330000000313
447.08333333	0.005333339999999964
379.66666667	-0.019533340000002397
460.33333333	0.0197083400000011
442.75	0.036574999999999136
221.75	0.013583330000003002
49.583333333	-0.001174999999999926
1133.3333333	-0.031075000000001296
1328.1666667	-0.023716669999998885
718.5	-0.0029749999999992838
495.41666667	0.005466669999997009
509.16666667	0.0069250000000025125
516.0	0.011658329999999495
549.08333333	0.018833340000000476
523.83333333	0.057133329999999205
736.5	-0.001766669999998527
885.91666667	0.0029749999999992838
713.0	0.0004999999999988347
941.08333333	-0.00028332999999847175
172.75	-0.0034416700000008404
1051.0	-0.02049167000000196
1232.1666667	0.0006416700000002606
762.66666667	0.014533329999999012
335.25	0.010491670000000397
515.5	0.011191660000001491
422.33333333	0.012574999999998226
422.66666667	0.00380834000000263
430.91666667	0.005699999999997374
441.83333333	0.005150000000000432
507.75	0.033799999999999386
326.25	0.01566666000000083
226.58333333	-0.0007583300000000293
57.833333333	-0.002966669999999283
1196.6666667	-0.0024916600000004507
1167.4166667	-0.008004169999999533
1118.8333333	0.013006850000000014
0.4166666667	-0.0002649199999993357
97.5	-0.0017627600000018617
134.58333333	0.003366660000001076
175.5	0.005416669999998902
235.16666667	-0.0005999999999986017
143.25	0.018941670000000244
148.25	0.015466660000001298
200.58333333	0.02001666999999685
144.16666667	0.009033330000001172
56.25	-0.003941659999998848
747.08333333	-0.008416660000001741
362.33333333	0.005483330000000564
583.91666667	0.018116670000001278
408.25	0.008250000000000313
382.75	0.020466660000000303
437.91666667	0.011899999999997135
377.25	0.004875000000001961
293.58333333	-0.002200000000001978
282.5	-0.008766659999999149
272.91666667	0.024074999999999847
202.5	0.008983329999999512
342.33333333	0.0025583300000029396
38.083333333	-0.003241660000000479
1128.9166667	-0.02262500000000145
719.83333333	0.005300000000001859
717.41666667	0.019583329999999677
372.25	0.0163499999999992
302.83333333	0.012691669999998823
567.91666667	0.011524999999998897
565.75	0.00417500000000004
619.83333333	0.011483330000000791
304.58333333	0.054991669999999715
485.5	0.0027916599999997516
522.33333333	-0.0019333299999999554
405.58333333	-0.004991669999999004
63.333333333	-0.004049999999999443
1222.5833333	-0.005099999999998772
818.0	-0.00595000000000212
956.83333333	0.00975833000000037
659.66666667	0.007233339999999089
548.58333333	0.010250000000002757
769.66666667	0.006974999999997067
543.66666667	0.006800000000001916
544.25	0.0016999999999995907
508.58333333	-0.002666669999999982
350.66666667	0.017908330000000916
275.91666667	0.0252583400000006
195.08333333	-0.0015999999999998238
55.833333333	-0.003966670000000505
876.91666667	-0.02010832999999934
583.0	0.0022500000000000853
759.91666667	0.017250000000000654
680.33333333	0.055837499999999096
333.41666667	0.020179160000001417
345.66666667	0.0037583399999974176
350.75	0.007283329999999921
707.83333333	0.004316670000001466
457.25	0.00835833000000008
371.0	0.019200000000001438
173.91666667	0.02284166999999826
151.16666667	0.0057583299999990345
14.166666667	-0.015533330000000234
466.41666667	-0.021091670000000562
437.41666667	0.0021583400000011466
400.33333333	0.015241659999997381
214.25	0.013474999999999682
367.83333333	0.013408340000001573
280.16666667	0.011524999999998897
322.75	0.003849999999999909
270.75	0.005358329999999967
337.5	0.011433330000002684
333.75	0.007908339999996628
187.16666667	0.006016660000000229
81.333333333	0.00030834000000012907
66.25	-0.002575000000000216
491.08333333	-0.01716666000000089
718.58333333	-0.00010834000000059518
568.16666667	0.01769167000000138
279.08333333	0.012583329999998227
365.66666667	0.009391669999999408
338.5	0.007791669999999584
394.25	0.003241660000000479
446.16666667	0.0051083399999996
315.08333333	0.008966660000002236
240.5	0.015983339999998236
127.33333333	0.015550000000001063
65.083333333	0.0010499999999993292
8.9166666667	0.0019083299999991254
584.08333333	-0.027233330000001388
671.08333333	-0.01085833000000136
495.58333333	0.009683330000001433
304.66666667	0.009716669999999539
259.33333333	0.004075000000000273
344.83333333	0.00248333000000045
421.16666667	0.010966669999998402
583.41666667	0.031858330000002155
862.0	0.0033083299999994153
517.58333333	-0.04306666000000092
407.91666667	-0.0034250000000000114
232.58333333	0.008233329999999484
102.41666667	-0.0021333299999994892
422.58333333	-0.0160583299999999
476.66666667	0.00354165999999978
253.66666667	0.01905000000000001
505.33333333	0.022149999999999892
751.66666667	0.012025000000001285
587.08333333	0.003008340000000942
818.91666667	-0.0024833400000012773
494.16666667	0.0022916699999981915
715.91666667	0.013766670000002534
415.5	0.007383329999999688
514.25	0.008124999999999716
241.75	0.0022999999999981924
48.5	-0.0011083299999974372
620.08333333	-0.005366659999999968
672.0	-0.01028333999999731
1215.4166667	-0.006108329999999995
1616.0	-0.0002666700000020228
973.33333333	-0.003924999999998846
531.58333333	0.016774999999999096
1126.5	0.006325000000000358
950.83333333	-0.025608330000000734
750.66666667	-0.009474999999998346
715.25	0.008608329999997721
865.83333333	0.00835000000000008
925.75	0.018991670000001903
91.25	-0.0009750000000003922
870.0	-0.01701667000000029
696.16666667	-0.01182500000000175
920.58333333	0.002258330000000086
666.66666667	0.0008333399999997937
444.0	0.000983330000000393
628.16666667	0.0020750000000013813
504.75	0.002849999999998687
567.66666667	-0.006624999999999659
614.33333333	-0.0025916699999974924
968.16666667	0.009874999999997414
1124.6666667	0.01908334000000167
741.33333333	0.029274999999998386
68.166666667	-0.003283339999999413
516.33333333	-0.014858329999999143
480.25	0.003775000000000972
648.16666667	0.005316659999998308
592.91666667	0.0015999999999998238
694.33333333	0.005066670000001494
485.58333333	0.0054083300000016266
642.91666667	0.005916669999997737
724.16666667	0.0006750000000010914
689.75	-0.0198416700000017
860.33333333	0.02047500000000113
1020.8333333	0.026275000000001825
793.58333333	0.009574999999998113
39.5	-0.00494166000000007
848.33333333	-0.019533329999998017
563.58333333	0.010458329999998739
654.0	0.030520840000001215
458.83333333	0.019129159999998535
512.33333333	0.004100000000001103
393.0	0.0096333400000006
645.41666667	0.0034499999999972886
396.25	0.011608330000001388
604.58333333	0.007950000000001012
521.16666667	0.02359999999999829
198.25	0.008449999999999847
408.75	-0.0031083299999998815
5.25	-0.0013083399999977985
1225.8333333	-0.02721666000000056
526.75	0.0027166600000008145
701.58333333	0.012933340000000015
580.5	0.005741659999998205
1082.75	0.006716669999999425
609.66666667	0.004883330000001962
550.75	0.009133339999998213
384.41666667	-0.004241669999998976
572.08333333	0.006150000000001654
429.25	0.04332499999999939
846.75	0.009258329999997983
362.5	-0.003124999999997158
4.3333333333	-0.0027333300000016436
956.58333333	-0.035216670000000505
406.58333333	-0.0169583299999978
544.08333333	0.014666669999996884
533.41666667	0.005166660000000434
643.41666667	0.008800000000000807
502.08333333	0.006908339999998958
432.5	0.006524999999999892
518.66666667	0.0049666600000009
423.91666667	0.006675000000001319
620.83333333	0.017083339999999225
581.08333333	0.014083329999998284
321.75	-0.0034250000000000114
8.25	-0.0023166699999990215
591.58333333	-0.028858339999999316
267.75	0.0032999999999994145
404.33333333	0.015824999999999534
528.16666667	0.009691669999998709
487.25	0.010349999999998971
430.66666667	0.0057416700000025855
777.91666667	0.0006833299999975395
525.25	0.007258330000002644
445.91666667	0.008566670000000443
458.58333333	0.008949999999998681
481.0	0.0075416699999983905
212.33333333	0.008950000000002234
64.416666667	-0.00557500000000033
809.08333333	-0.009516659999999177
452.5	0.007933330000000183
493.0	0.01981667000000087
656.75	0.0166583299999985
725.75	0.01321667000000204
1014.5	0.008874999999999744
804.66666667	0.0058749999999996305
599.16666667	0.004874999999998408
416.41666667	0.016525000000001455
402.58333333	-0.023074999999998624
398.41666667	-0.0006083400000029826
189.91666667	0.004583339999999936
27.416666667	-0.00475833999999864
554.08333333	-0.012750000000000483
234.5	0.014050000000001006
460.0	0.01837499999999892
653.75	0.010683330000002655
920.25	0.010991669999999232
617.91666667	0.012191669999999988
689.91666667	0.009949999999999903
475.41666667	0.004433329999997682
501.75	0.004700000000003257
504.25	0.014574999999997118
598.25	0.006183330000002485
728.91666667	0.002649999999999153
29.166666667	-0.00590000000000046
622.75	-0.020033330000000404
359.66666667	0.008699999999997488
571.75	0.018058330000002343
610.66666667	0.013075000000000614
592.83333333	0.012108330000000223
674.16666667	0.012583339999999055
428.75	0.007166659999999325
575.33333333	0.007625000000000881
445.08333333	0.006641670000000488
417.91666667	-0.010141670000002989
394.58333333	0.017224999999999824
395.16666667	0.011308340000002914
73.916666667	-0.007066670000000386
646.16666667	-0.011408330000001854
338.41666667	0.012691669999998823
447.91666667	0.02340833000000231
742.58333333	0.018850000000000477
636.25	0.017924999999998192
654.25	0.016041669999999897
704.75	0.011208329999998767
851.08333333	-0.009616669999999772
972.58333333	-0.004449999999998511
1009.4166667	0.001858339999998293
711.58333333	0.0031750000000023704
1001.25	0.00045833000000072843
36.5	-0.007833330000000416
325.16666667	0.010216660000001099
177.08333333	0.009224999999997152
516.58333333	0.020333340000000533
761.25	0.010325000000001694
436.33333333	0.00871665999999749
361.75	0.013908340000000408
337.5	-0.003949999999999676
403.58333333	0.0031083299999998815
447.91666667	-0.0322749999999985
480.5	0.019283330000000376
512.66666667	0.011183339999998765
544.5	0.0012416600000015876
15.5	-0.006700000000002149
373.16666667	0.0021999999999984254
321.5	0.01287500000000108
612.83333333	0.017091669999999226
519.91666667	0.014266669999997816
442.83333333	0.010483330000003122
408.33333333	0.012316669999997032
450.33333333	0.007366660000002412
442.0	0.00785833999999852
530.08333333	0.008124999999999716
608.08333333	0.010141660000002162
852.16666667	0.011583339999997833
744.33333333	0.003383330000001905
32.583333333	-0.0071000000000012164
770.5	-0.013424999999998022
426.91666667	0.006358329999997636
603.16666667	0.01904167000000001
578.25	0.01366666000000194
635.91666667	0.013049999999999784
528.5	0.012049999999998562
452.66666667	0.012716669999999652
240.16666667	0.0034500000000008413
302.25	0.0054083300000016266
348.08333333	0.008474999999997124
484.0	0.014400000000001967
398.33333333	0.007049999999999557
103.16666667	-0.006966659999999791
353.83333333	-0.010158329999999438
516.41666667	0.006708329999998597
665.0	0.00864166999999938
658.25	0.0011166700000018182
530.5	0.01428333000000137
721.58333333	0.009399999999999409
1060.25	-0.0033999999999991815
1308.9166667	0.0009999999999976694
879.41666667	-0.03497499999999931
722.33333333	0.022500000000000853
552.66666667	0.01663332999999767
620.91666667	0.002674999999999983
0.0	0.0005750000000013245
232.66666667	0.0021833399999984238
320.0	0.00563333000000199
620.33333333	0.017141669999997333
549.0	0.005475000000000563
450.0	0.004400000000000404
285.16666667	-0.0006416700000002606
303.41666667	0.003633329999999546
466.91666667	0.006425000000000125
335.83333333	-0.0004916599999980065
581.0	0.0015666599999981656
645.25	0.00732500000000158
621.25	0.002641669999999152
1.5833333333	-0.0075416699999983905
243.58333333	-0.010841670000001358
360.16666667	0.003675000000001205
597.33333333	0.0204416700000003
596.08333333	0.0068416599999991945
552.33333333	0.007008339999998725
284.83333333	0.0004500000000007276
281.75	-9.16699999997661e-05
388.0	-0.000366669999998237
379.83333333	9.16699999997661e-05
442.91666667	-0.009116670000000937
462.33333333	-0.005250000000000199
630.25	0.005258340000001027
24.75	-0.008416670000002568
193.75	-0.007391659999999689
242.75	0.005349999999999966
512.83333333	0.019025000000002734
528.66666667	0.0069583299999997905
275.16666667	0.004725000000000534
231.83333333	-0.0032500000000013074
198.5	-0.005058330000000666
228.25	-0.0032166700000004766
245.58333333	-0.0011249999999982663
315.0	0.0010416699999993284
311.16666667	0.0010916600000001608
388.5	-0.0003166599999993025
0.0	-0.006858340000000851
190.58333333	-0.0073916700000005164
319.0	0.0018250000000001876
550.25	0.012216670000000818
614.58333333	0.010358329999998972
448.66666667	0.004833330000000302
456.08333333	-0.0008833300000006261
264.58333333	-0.004341669999998743
365.16666667	-0.013858330000001473
475.41666667	-0.03570832999999851
316.08333333	-0.005816670000001523
315.08333333	0.00943333000000024
383.66666667	0.002933340000002005
0.0	-0.005216669999999368
405.0	0.0041916600000000415
164.41666667	0.002916670000001176
286.75	0.014299999999998647
466.66666667	0.00557500000000033
380.83333333	-0.002258330000000086
460.83333333	-0.006750000000000256
567.58333333	-0.0007416699999964749
514.33333333	-0.008658330000002934
427.41666667	-0.012249999999998096
256.58333333	-0.014700000000001268
425.25	0.007458330000002178
288.75	0.00023332999999681192
0.0	-0.006649999999996936
478.83333333	-0.0012666699999996922
260.91666667	-0.0034166700000000105
556.5	0.006741669999996702
487.5	-0.00274999999999892
412.0	0.018058330000002343
302.5	0.043466669999997265
289.0	-0.0021333299999994892
88.666666667	0.0015916599999989955
121.16666667	-0.0003583299999974088
146.58333333	-0.014333329999999478
123.91666667	0.00245832999999962
223.58333333	0.0012499999999988631
0.0	-0.002083330000001382
193.16666667	-0.007600000000000051
214.16666667	0.0015083300000000577
463.16666667	0.010966669999998402
443.0	0.006283329999998699
239.0	0.0015000000000000568
329.25	0.000158340000002255
259.0	-0.001241670000002415
410.25	-0.005633329999998438
205.33333333	-0.012441670000001182
155.91666667	-0.019958329999997915
124.91666667	0.006650000000000489
143.08333333	0.009716659999998711
0.0	-0.002241659999999257
254.75	-0.00798332999999829
163.75	0.005349999999999966
408.41666667	0.012074999999999392
339.16666667	0.004950000000000898
319.33333333	0.004108330000001104
410.0	0.0027166699999980892
296.58333333	-7.499999999893703e-05
244.58333333	-0.003724999999999312
261.41666667	-0.0045999999999999375
97.833333333	0.00140000000000029
9.5833333333	-0.00032500000000013074
29.166666667	-0.003983340000001334
0.0	-0.002658329999999154
306.08333333	-0.004333330000001467
238.5	0.0048166700000003
541.25	0.008591660000000445
382.25	0.004241669999998976
359.0	-0.013924999999996857
233.58333333	-0.043275000000001285
545.08333333	0.008416669999999016
487.41666667	-0.008066669999999831
586.0	0.008016669999999948
823.58333333	-0.0033583400000001262
735.16666667	-0.012308329999999756
438.25	0.009858330000000137
0.0	0.0021250000000012648
256.08333333	-0.015558340000000115
337.5	-0.034758330000000726
454.08333333	0.009149999999999991
707.58333333	0.005808330000000694
512.91666667	0.004208339999999922
331.75	0.0027333299999998673
429.83333333	0.0019166699999999537
391.08333333	-0.002783340000000578
271.16666667	-0.0015833299999989947
225.08333333	0.0021166699999994876
347.41666667	-0.0006333400000002598
323.5	-0.0001833299999987048
0.0	4.999999999988347e-05
541.33333333	-0.009100000000000108
374.91666667	0.0016416699999997064
745.33333333	0.007433330000001348
553.83333333	-0.004825000000000301
451.58333333	0.0036833299999994296
302.66666667	-0.001474999999999227
425.91666667	0.005583339999999382
423.0	-0.0030999999999998806
290.25	-0.0030333399999999955
254.41666667	-0.018124999999999503
195.0	-0.007533330000001115
204.5	0.00790833000000113
0.0	-0.0029166600000003484
300.41666667	-0.012033340000000337
182.16666667	0.01115000000000066
604.08333333	0.008916669999999627
447.16666667	0.004908329999999239
490.91666667	0.0003750000000000142
382.91666667	0.00029167000000107635
227.33333333	-0.002766669999999749
372.91666667	-0.003916659999999794
282.25	-0.005408340000000678
163.66666667	-0.03190000000000026
172.83333333	0.005499999999999616
129.58333333	0.00697500000000062
0.0	-0.0026083299999992704
287.16666667	-0.0006416600000012096
139.16666667	0.04073905999999994
357.83333333	0.0039025999999999783
118.91666667	-0.01994999999999969
51.75	0.012608339999999885
21.583333333	0.006116659999999996
109.91666667	-0.0025916600000002177
211.25	0.002991660000001062
104.08333333	-0.003341660000000246
33.916666667	-0.006925000000000736
52.333333333	0.0010750000000001592
209.16666667	0.0027249999999998664
0.0	-0.005433339999999731
384.25	-0.007649999999999935
29.833333333	0.005658340000000095
160.08333333	0.015050000000000452
299.0	0.0049833299999999525
562.58333333	-0.0015499999999999403
670.16666667	-0.0015416699999999395
592.25	-0.007291659999999922
353.0	-0.002608340000000098
151.66666667	-0.010091660000000502
83.916666667	-0.01872499999999988
47.416666667	-0.008541669999999613
253.16666667	-1.6670000000829077e-05
0.0	-0.005633329999998438
192.66666667	-0.00790833000000113
10.666666667	-0.005308339999999134
94.25	0.0012583399999996914
206.25	-0.00012500000000059686
482.91666667	0.0012083300000007569
409.75	-0.0009750000000003922
291.66666667	-0.0013166699999995757
358.41666667	-0.004133330000000157
222.41666667	-0.004291670000000636
71.0	-0.00973332999999954
93.0	-0.0007249999999991985
106.91666667	0.0005333299999996655
0.0	-0.0059749999999993975
131.91666667	0.0009500000000013387
30.25	0.005833339999998799
285.75	0.01255833000000095
266.16666667	0.005208330000000316
257.91666667	0.00017499999999870397
326.91666667	-0.0014583300000001742
266.0	-0.0015833299999989947
283.5	-0.0020249999999997215
240.08333333	-0.006249999999999645
321.91666667	-0.004583339999999936
380.91666667	0.00016666999999870313
209.75	0.0027083300000008137
0.0	-0.00400832999999956
238.5	-0.0023749999999989058
27.5	0.0010999999999992127
290.66666667	0.010416669999999684
297.75	0.0036333300000013224
321.08333333	-0.0014083300000002907
380.16666667	-0.002491669999999502
230.25	-0.0015250000000008868
242.5	-0.008783329999999978
314.16666667	-0.005324999999999136
110.58333333	0.005749999999999034
94.666666667	-8.333999999976527e-05
41.5	-0.0011583300000008734
0.0	0.0028250000000014097
734.33333333	-0.0006166700000012071
846.25	-0.0013249999999995765
416.75	0.0008416699999997945
506.08333333	0.0038000000000000256
507.33333333	0.002349999999999852
346.75	-0.0002999999999993008
226.08333333	-0.001966669999999837
126.33333333	-0.001174999999999926
448.91666667	-5.832999999988431e-05
208.16666667	-0.005625000000000213
690.58333333	0.0029833299999992846
113.58333333	0.00019999999999953388
0.0	9.167000000154246e-05
70.25	-0.018075000000001396
32.75	-0.022933329999998975
339.66666667	0.011066669999999945
244.5	0.002858330000000464
169.25	0.002874999999999517
209.75	0.001974999999999838
173.83333333	-0.0002916699999993
170.33333333	-0.002091660000001383
165.75	-0.003633339999998597
52.083333333	-0.005399999999999849
396.25	0.0007083399999991968
321.91666667	-0.0014333400000001717
0.0	-0.0015166600000000585
