emissions_total_per_capita	renewable_share_of_electricity__pct
4.0631776	1.0168166
4.1554136	1.0296642
3.8185754	0.9214845
4.012335	0.77238154
4.058243	0.77114993
3.8586802	0.8541283
6.7725687	2.7777777
7.020848	2.7777777
6.74395	5.714286
6.9060183	5.714286
6.6604347	5.5555553
3.4431703	7.75965
3.7333274	6.8978806
3.5586586	5.1262136
3.7416196	5.469593
3.9233098	6.3579817
4.2582173	6.8625546
6.20514	0.0
6.3506823	0.0
5.137396	0.0
6.2495623	0.0
6.0420437	0.0
21.790699	0.033840947
25.295322	0.030211482
25.215979	0.029967038
24.10311	0.029515937
23.25017	0.02813731
0.52965784	1.737917
0.5748978	1.3086536
0.57399553	1.5112162
0.64190555	1.4217018
0.67221427	1.3040495
0.6615086	1.5081774
5.25944	2.8846154
5.0809	3.773585
4.3926697	6.603774
4.16765	7.54717
4.0504413	7.3394494
6.5566535	2.0774558
6.5812345	2.57044
6.315496	3.502854
6.586977	3.2429817
6.4736867	3.392025
6.197136	2.7083464
0.4577955	0.0
0.41347355	1.8518518
0.42215323	1.010101
0.42936745	1.7699115
0.420974	1.7699115
10.909888	1.5625
9.262487	1.6393442
6.7752743	1.6949153
7.9945526	1.6949153
7.7376037	1.5873016
3.3229713	0.32154343
2.884646	0.3984064
2.3462896	0.4587156
2.5022633	0.4016064
2.7032576	0.38022813
4.6541758	0.0
5.0373955	0.0
4.836377	0.0
4.847843	0.0
4.637814	0.0
21.34535	0.0
24.247364	0.0
24.939121	0.0
25.931751	0.0
24.936909	0.0
0.14752656	6.25
0.13781506	6.060606
0.13680673	5.714286
0.14977048	5.714286
0.16281013	5.714286
0.37041378	0.0
0.3959646	0.0
0.46592182	0.0
0.6090746	0.0
0.54057914	0.0
2.0503552	3.646833
2.0079126	4.391892
1.9037757	4.8293967
2.027723	4.6446557
1.9785471	4.6600876
5.7629395	9.486166
5.70816	10.097087
5.3869967	12.371135
10.080272	10.859052
9.569924	11.735885
8.689388	12.908864
9.17754	12.718144
8.91092	12.873179
7.92107	14.87267
0.44332924	0.0
0.49899417	0.0
0.41900718	0.0
0.47408453	0.0
0.43468726	0.0
2.5376952	14.285714
2.3888187	14.818548
2.6046193	12.202236
2.7721057	14.50752
0.483596	0.0
0.51920164	0.0
0.4875513	0.0
0.459349	0.0
0.47420487	0.0
2.358181	8.2551775
2.4057102	10.24631
2.1530209	12.3766365
2.3516853	11.80062
2.4078574	11.9342785
2.3486664	11.787243
0.19513549	2.857143
0.19906436	2.7777777
0.19473332	2.7027028
0.2034651	2.631579
0.18286084	2.631579
0.27026686	0.0
0.28932655	0.0
0.27818328	0.0
0.28163114	0.0
0.279729	0.0
2.661156	0.0
2.8441563	0.0
2.488788	0.0
2.6699815	0.0
2.7461755	4.0
0.1620295	0.0
0.1638662	0.0
0.14741816	0.0
0.14771359	0.0
0.14682977	0.0
3.1622431	1.7699115
3.412209	2.631579
4.162018	1.7699115
4.391797	1.754386
4.4148493	1.754386
0.28798378	13.207548
0.30625582	12.62136
0.29390442	13.461539
5.702032	0.4101723
5.597313	0.43313482
4.472128	0.53824365
4.504877	0.61794734
4.2234635	0.6399555
4.550918	0.9582091
5.051615	11.762871
5.032163	13.710618
8.009745	3.4672642
8.447259	11.010066
8.62491	7.393238
8.815236	4.8214755
8.944471	2.714503
9.026508	4.393576
4.5889473	2.2873828
4.6182113	5.707789
3.825463	4.9397163
3.6926064	3.9572937
3.8864813	2.3444936
3.9148493	2.7341218
7.048836	2.546195
6.775189	4.5769763
6.7220626	6.0765815
6.5983253	7.5397363
6.6951056	9.945989
6.4269466	10.4693365
2.8674781	14.646464
3.356447	12.715517
2.4383793	13.785046
2.5886042	13.333334
2.5137622	13.507625
2.4031124	10.603829
2.3188925	14.417925
16.22455	10.170598
14.330919	10.415101
13.113933	10.991439
12.92284	10.940215
12.69876	11.791542
12.550943	12.759045
0.540351	0.0
0.5323819	0.0
0.52316284	0.0
0.51386094	0.0
0.5177368	0.0
4.550919	5.076143
4.780439	4.88189
4.8255777	5.3731346
5.0625577	6.512301
5.0598	6.512301
4.9275312	11.477987
24.685282	0.080906145
24.436037	0.17317171
21.73922	0.28093645
21.815344	0.23520674
21.235703	0.23140113
20.508173	0.22016734
4.371076	2.116651
4.4285336	5.2314816
4.1763225	6.6885967
3.373741	9.284332
3.2940342	9.452736
0.12250325	0.0
0.18471907	0.0
9.537564	0.029256875
10.969283	0.028876696
4.859569	0.033898305
7.924283	0.032237265
7.966225	0.033025097
3.678995	3.7974682
4.087055	3.7037036
3.3423467	4.878049
3.8193066	5.952381
3.851452	7.058823
3.1937	10.152284
3.2715886	10.144928
3.0885165	11.627907
3.0721867	12.162163
3.3582027	13.043479
1.7230734	5.947955
1.7654533	6.502636
1.7065568	5.825243
1.9345789	6.606607
1.9046298	9.210526
1.9439814	9.67742
14.305717	6.697108
14.617127	9.942363
11.265909	10.240964
12.532064	11.155914
12.821953	11.0256405
13.657199	10.74074
6.437953	0.0
4.8594165	0.0
4.892945	0.0
4.915921	0.0
4.81346	0.0
4.792884	0.0
4.747344	0.0
4.4083877	0.0
4.702661	0.0
4.7760334	0.0
20.856289	12.0
17.98137	13.333333
0.08127849	8.77193
0.10952571	7.8125
0.103766285	7.5757575
0.11071586	6.6666665
0.10656583	6.329114
15.306236	0.053008217
15.622156	0.051480055
15.174401	0.54488844
16.691107	0.62984496
16.195124	0.6271778
15.5492115	0.6028132
0.6095915	14.285715
0.65849155	14.814815
8.788192	12.760432
34.575947	0.3121099
36.105545	0.26
36.56411	0.2834008
37.032436	0.28963122
36.70004	0.27752084
38.842007	0.275786
2.0142937	0.0
2.6916437	0.0
2.0340488	0.0
2.0438824	0.0
1.9994371	0.0
5.2243714	4.347826
5.3880053	4.347826
4.92757	4.5454545
4.9388504	4.5454545
4.7928042	4.5454545
2.8776712	0.0
2.825776	0.0
2.7139676	0.0
2.8328466	0.0
2.742586	0.0
9.948074	0.0
11.250768	0.0
10.715293	0.0
9.5466385	0.0
9.309224	0.0
2.305567	13.333333
2.146126	13.333333
0.6625426	0.0
0.66974753	9.090909
0.64040625	9.090909
0.6438903	9.090909
0.70649457	7.142857
20.994095	0.04269285
21.579525	0.0581165
19.879406	0.057757944
22.211275	0.21377309
22.480951	0.20916855
22.132036	1.3643216
0.7119568	14.17004
0.7774175	13.402061
5.225092	1.923077
5.046789	7.017544
4.966297	11.864408
4.9766817	13.333333
4.4126396	14.516129
8.927446	2.812913
8.642737	2.7890654
8.309455	2.8076127
9.033147	2.9037461
8.4733	4.093465
8.507941	4.535147
0.4082267	0.0
0.4025793	0.0
0.38881806	0.0
0.37959152	0.0
0.3794816	0.0
0.041257966	5.4054055
0.039769154	5.4054055
0.03586731	8.108108
0.03585213	10.526316
0.03147589	10.526316
7.4144244	4.880428
7.7887363	5.028309
7.16727	5.8506637
6.9252067	7.31857
6.497632	9.785933
6.3578267	12.953798
12.977493	4.30764
12.480777	5.15167
11.524341	6.307181
11.882247	7.118768
11.62734	8.255816
11.158091	8.945115
0.17156464	1.8181818
0.17083813	1.7857143
0.158226	1.7857143
0.16152208	3.448276
0.1441006	3.2258065
1.5004996	4.28807
1.3463072	4.4142613
1.2500484	4.7589993
1.2036942	4.6044865
1.1269557	4.626334
11.999405	3.9449806
11.592632	4.9017105
11.503086	4.782314
12.036995	5.381998
11.685236	7.6522646
11.200046	8.6510105
4.0392394	14.356436
3.9411173	14.862474
3.7956147	14.211243
1.2844812	14.285714
1.5260453	14.285714
1.7336501	14.285714
1.806809	14.285714
1.8577782	12.5
27.422825	0.108342364
27.466105	0.108695656
23.677786	0.108342364
24.476803	0.10787486
24.270796	0.10615711
22.834675	0.06438073
2.6462247	3.0873132
2.556072	3.7511435
2.3793378	3.9775383
2.586767	4.240766
2.6360955	3.0660377
2.6878552	3.1859248
9.429271	0.0
9.285526	0.0
9.246278	0.0
8.944568	0.04436557
8.873182	0.043346338
8.603915	0.030196952
8.735154	0.0
8.407761	0.0
8.094134	0.0
8.103864	0.0
7.752226	0.0
5.124302	8.150882
4.9367437	7.7007914
4.6290064	11.468978
4.744018	13.78401
22.435678	0.88228816
23.435728	2.6435537
23.006842	3.7727604
22.08925	4.194068
22.06371	4.5043297
3.15963	9.394373
3.2892537	10.184165
3.2641847	7.532702
3.5113323	6.9777217
3.578784	6.661316
3.4995937	9.379771
0.62945837	14.285714
0.5647678	14.285714
0.6743769	14.285714
0.70683634	14.285714
0.70716006	14.285714
0.34018838	13.753582
0.33713272	14.634147
0.28854162	82.90598
0.2859553	83.17757
0.29706287	85.0
0.25679472	84.33735
0.26018026	84.33735
1.8296225	100.0
0.68097985	73.19849
0.49424374	75.60976
4.0443406	23.995094
3.65377	25.318031
4.217578	24.18544
4.4943905	28.727707
4.2998033	34.699863
2.0008378	30.434782
2.5840976	32.253887
7.735446	15.463918
7.9738107	15.306123
7.7149777	15.306123
16.544464	18.844
14.66979	33.215137
7.650861	77.29523
6.783409	78.054474
6.415725	84.48328
8.675304	20.99471
7.9053583	26.563208
7.6450696	25.759508
7.1177025	33.05825
1.5901606	92.68293
1.8330257	86.53847
2.1169295	100.0
2.058052	100.0
1.9549538	30.152283
1.9368082	36.873158
1.5497013	35.843372
1.8225433	37.523453
1.852948	35.013035
1.9078085	28.806585
6.3140154	29.184036
6.553135	39.00054
6.541299	33.474323
2.3210206	82.35754
2.281887	81.38569
5.285019	18.609865
5.311196	25.906475
0.05439388	62.96296
0.058575917	72.72727
0.059800673	66.666664
1.1303334	48.13137
1.1339663	51.74418
0.3969762	58.8993
0.36354846	62.315273
15.527008	65.56212
15.404461	65.399445
13.795024	66.7534
1.113411	20.930233
1.0038707	16.666668
1.0567663	16.666668
0.04730473	100.0
4.4692864	42.859005
4.791046	41.64621
4.1391754	43.807076
4.221193	52.95602
3.9314575	60.818085
7.2818375	25.610998
7.5264006	26.848654
7.6471825	28.08742
8.025529	28.69294
8.366814	30.6804
1.842679	75.01777
1.1939441	35.27508
1.2985791	23.224043
1.334546	23.498695
1.2583876	22.900763
1.3440192	22.5
4.6390934	40.0
4.77735	25.0
4.222279	25.0
4.5926905	50.0
1.6161269	98.6014
1.5398297	99.12511
1.5113176	100.0
1.621601	95.74646
0.44888514	31.02518
4.472901	66.00791
5.40629	16.730038
5.3342433	20.222635
0.043051984	100.0
5.972235	68.68587
5.3214316	78.54954
4.8519464	82.050385
5.051886	79.28311
4.816581	81.427345
4.5837965	87.60036
2.3659525	18.181818
2.3328595	25.0
2.3999047	25.0
2.2539744	72.38292
1.8756075	79.64206
2.16058	81.19552
2.4011562	80.83458
1.0068917	77.85977
1.2138822	71.10016
1.0577208	84.518166
1.211914	84.40945
1.304408	63.434906
4.362631	32.59259
3.3138647	32.142857
6.917965	48.848686
7.802623	39.91655
8.708775	31.685394
7.3282313	44.290123
0.8839588	95.918365
0.9502872	91.83673
0.9400464	92.452835
0.88582075	93.103455
0.1401208	100.0
0.13231507	99.93565
14.221595	48.57143
14.283498	39.473686
14.42602	39.02439
14.632135	38.095238
1.4780109	56.730766
1.0972939	60.784313
6.8179035	51.89197
6.821489	52.946888
6.5299587	53.374146
5.6456437	51.92886
4.7926087	19.984798
4.25596	23.713062
4.6245623	22.171526
4.4283843	24.310215
4.101157	26.290094
3.143086	29.411764
3.130068	32.857143
3.1985233	32.857143
2.3507752	43.66812
2.42184	42.016804
2.327388	42.735043
2.400404	42.016804
2.8674045	76.05397
2.7860782	74.731186
2.9285443	81.17088
3.091041	76.07789
7.752807	44.37406
0.49580094	40.710934
0.52523965	42.31214
0.63182783	34.782608
0.61199224	34.0
5.436849	40.800148
5.577904	43.479946
5.388754	50.101254
9.716159	75.92593
9.582454	79.36508
10.499258	76.78571
1.0995575	67.22628
0.30081806	63.90244
0.33650035	71.96532
0.3009134	67.333336
0.29839563	66.44737
0.31075293	18.269232
0.28168207	16.037737
1.0098408	64.15095
0.94135344	57.196613
0.9900977	62.760414
4.8318176	15.807561
4.9785724	19.141275
10.393721	100.0
1.7264521	19.954615
2.129469	19.513695
2.3993292	16.260492
2.213211	18.124186
2.23886	18.166538
2.6434436	19.610842
2.6075745	18.594606
8.006022	33.00971
7.4664645	36.71207
7.1842723	38.832638
5.6483135	39.942757
5.0507216	42.231133
5.714151	35.80869
5.2682986	43.720013
8.725205	17.576868
8.449326	21.181513
8.261658	21.956364
7.95029	23.830055
1.9291415	18.937197
1.8649886	22.98689
1.799406	22.862368
0.37520593	89.1748
0.38661912	90.61962
0.4209686	94.22414
0.41928962	92.12925
1.7616013	90.949936
1.2527564	90.77922
1.5140777	85.60105
2.884135	65.078445
2.6362908	63.476315
2.6531994	71.596596
3.0592737	73.552986
3.1004407	72.99238
3.9956133	49.53416
3.6810806	63.636368
3.4600034	76.64
1.08566	100.0
1.0812736	100.0
0.9718533	100.0
1.5148556	100.0
0.15140018	62.352936
0.1474119	67.0886
4.956657	60.93023
4.366298	76.43885
15.741836	74.76635
12.806264	79.508194
10.5150585	92.105255
1.5127505	33.92857
1.472118	40.816326
0.13575959	48.80383
0.13728699	41.2037
0.15004274	37.554585
0.092995554	81.56425
0.09051806	99.346405
0.094012946	93.84616
0.084993675	94.07407
7.7663965	18.18289
7.967726	19.739931
8.2224455	19.158428
0.25429645	42.899406
0.2969476	32.80757
0.30288965	39.733334
3.4193249	21.011675
1.0263102	29.655172
1.0341662	29.48718
0.93888414	30.0
3.7601306	15.891784
3.7231612	16.690367
3.500515	24.887878
3.6181056	24.048254
3.8974926	59.210526
4.049645	56.26822
3.9600255	52.212387
3.889522	53.172207
3.6754034	60.243904
1.7384603	19.8206
1.898318	19.787024
1.7648122	19.175259
0.24157462	81.79697
0.2071267	83.49106
0.65076345	58.1793
0.63867646	56.26294
0.55444026	49.374687
1.6334617	98.581566
1.404347	96.5
1.3879759	97.35099
1.4136248	96.296295
0.44873935	100.0
0.5396416	100.0
0.541436	100.0
9.071813	16.693192
8.691241	18.992086
7.7491956	26.836668
7.106702	40.247757
20.005596	15.835778
17.817152	16.78832
7.285045	83.398125
7.3620214	82.42286
6.7198505	82.10432
5.8226275	87.331535
0.8055015	56.9869
0.70987344	69.920845
0.78687125	68.604645
0.6388198	25.634058
0.60513747	22.09866
0.61808836	22.212978
0.5640604	20.541206
2.4137077	51.248993
2.5079155	53.430355
2.056673	63.23817
4.0298004	22.82794
3.505421	29.582577
3.8731613	26.923079
4.0665092	32.45228
7.5864964	99.31903
7.47844	98.65547
0.9269328	25.678188
0.8995737	29.334534
1.0351748	25.236254
0.8107599	27.333126
0.70096153	22.47191
2.2800763	77.76786
3.1001267	52.749138
0.83106965	27.917622
0.8014462	28.87828
0.81192154	26.190477
1.1171713	100.0
1.2168084	100.0
1.1992521	100.0
1.4289497	63.74834
1.568856	61.810814
1.6505452	58.86868
1.2861164	23.370764
1.2953051	20.78657
8.311783	15.598578
7.92311	17.96373
8.700768	17.09268
7.4628654	27.146667
4.97228	50.402744
4.024724	58.591167
3.8768623	64.07964
3.5690997	72.8164
4.0636744	40.877167
3.8009787	44.57526
3.569303	50.390903
11.694962	17.309929
11.635815	17.548471
11.15608	19.923162
12.485692	17.566477
0.10309137	40.74074
0.10744573	48.837208
0.10499269	62.5
2.3013074	23.529411
2.281156	23.529411
2.2286887	23.529411
1.2926443	37.5
1.1485088	40.0
1.1679227	31.578947
0.6445196	16.831684
6.3562794	29.920214
6.253774	35.909206
0.12984261	95.0
0.129658	95.0
0.15435511	95.0
6.643141	21.792948
5.7645545	21.929163
5.5706987	22.915964
6.738732	31.718061
6.114485	33.0373
6.004816	30.464075
5.347735	38.764782
5.703422	38.271923
4.4430604	43.854782
4.6255174	50.075996
0.9031052	45.401554
0.87160707	37.05409
0.88446397	50.388237
0.46384126	59.7561
0.4622384	62.655365
3.4853392	56.424583
4.3514423	51.87166
4.7658405	48.768475
4.23634	48.32536
3.7090452	67.3827
3.464577	69.15725
4.32806	58.65138
4.2810693	59.869633
3.9613538	62.198864
4.109331	66.59271
3.7327585	58.77629
3.6905727	63.450417
0.91206217	91.45993
0.88055193	89.36782
0.25089064	31.9236
0.27675864	33.29049
0.2665194	41.528664
0.29072848	37.02422
0.2740748	32.594234
3.7244093	15.009072
3.799712	15.780426
0.28130147	21.739132
0.300787	25.882353
0.29509643	25.0
4.9997516	32.257206
4.7177076	43.797054
5.023125	41.911034
4.9510155	42.008816
0.13350488	93.661964
0.13398354	98.00884
0.12532045	98.67257
0.119163275	98.88683
3.6164997	19.738136
5.6886287	33.062843
5.0911255	39.585293
4.603082	41.38428
4.4428277	46.015198
15.578155	18.294624
13.889589	20.315693
14.870763	22.350597
1.9346937	97.535934
1.904633	94.03095
2.3061328	84.61539
2.3216877	89.77273
2.6530128	40.733303
3.6955829	36.29567
2.9858754	50.284634
3.335515	42.37875
0.41279456	84.65316
0.41865155	84.66216
0.4273149	85.48917
0.3971593	91.98645
0.67204034	51.707893
0.5470852	58.569298
