co2_emissions	energy_use_per_capita
0.050822	309.513566
3.695464	1967.867036
4.775718	5441.086932
1.26951	455.367021
7.607209	2271.837403
6.515177	1905.060572
17.063524	6888.956581
14.286614	4501.326161
0.808445	772.157904
7.894237	3218.761243
0.678857	434.562681
1.74546	687.115313
1.030574	376.061553
1.371343	1375.459656
2.557986	992.910618
1.666315	525.062096
6.682859	3517.851694
1.706817	371.647679
0.482738	310.557486
0.587985	493.540573
13.562148	3687.422017
9.490618	4150.878852
0.184368	371.556569
0.14052	281.964908
6.475236	2745.920798
13.107432	4572.62843
0.08407	95.334306
2.00589	742.882251
1.878622	750.058844
0.957553	533.29398
0.448514	323.599173
8.92609	2651.933627
1.820925	699.862104
8.754659	2502.776077
7.418643	2813.731975
1.017742	731.343774
0.822902	598.398544
2.403582	1307.201088
3.223188	1322.15451
4.893444	2005.510545
7.881648	4914.944167
7.640549	2683.775083
2.544778	816.706429
8.172542	2860.861878
0.818097	451.147147
12.333906	4682.259123
0.28977	664.156907
0.534195	446.060354
13.879144	9049.418237
0.3961	390.210642
0.201632	416.622396
15.602246	4726.044582
6.219645	2232.331114
5.208484	2743.938183
0.149194	414.92832
11.700273	3935.328379
0.978017	415.683666
1.788537	1081.891388
1.807791	1142.51488
7.421409	3628.592852
5.932064	1741.287902
0.968188	631.794958
0.288789	378.4798
8.576007	2815.767472
1.247934	874.63479
6.432566	3642.687526
0.439162	361.965844
4.775882	1910.208262
1.902805	639.221937
4.384559	1247.756264
0.085464	372.177273
1.031016	764.444961
4.986836	1856.981982
6.984458	1701.896623
0.071119	306.294126
3.432739	1309.423144
8.561494	2955.925626
0.708281	537.949165
3.839013	1617.965513
5.456571	2947.960167
1.022027	742.232236
10.16688	3614.672443
7.049247	2856.574856
10.947594	3692.770574
0.48949	177.407301
0.266875	467.067927
0.309506	358.297843
3.73019	1818.145323
0.541081	585.825056
0.227689	463.956783
0.345215	279.36016
3.719204	1113.809931
0.986387	755.663429
0.222439	389.110211
0.963791	296.467179
5.501578	1985.33075
0.141528	318.769157
6.079865	1845.983491
2.208513	831.815055
2.21478	844.449078
2.603111	985.317485
5.531978	3091.647028
14.980026	8047.129105
9.712734	4125.316966
4.124491	1654.947771
0.522969	302.255582
0.883334	662.991078
0.497801	327.255415
0.087908	208.906301
0.090579	383.943823
1.552572	460.752056
7.662307	9810.218978
1.223072	693.899901
0.292012	466.866727
10.115374	2596.22518
1.765604	1089.861362
5.400035	2611.023923
8.781638	5081.854743
4.172832	1386.605443
0.447828	367.501191
1.066782	540.229429
5.393164	1861.954262
0.815309	410.970957
1.044472	742.747051
5.645154	2476.106195
9.422666	4418.20998
3.354943	879.071574
0.603176	428.816467
6.557272	2491.620901
11.025538	3208.91968
4.286158	1729.321663
14.607386	6109.045083
0.049182	306.179997
13.19212	4801.526281
5.936879	4247.646372
0.496331	346.634277
6.131266	2224.930748
0.131992	368.852149
1.764373	1094.187563
15.594595	7361.333748
0.161336	300.166301
0.021086	296.578164
1.609402	727.884734
3.759903	1505.816555
2.712222	973.714632
0.938608	334.928946
6.250722	4188.552189
1.799439	672.601309
2.098755	906.96953
3.655817	1935.214708
0.759779	538.566014
1.103952	514.680274
7.324863	2391.267123
5.290057	2066.145324
12.102078	3382.528834
7.23594	3733.668342
9.833109	4208.974934
17.650347	4997.777348
0.540168	632.031389
0.429479	367.211235
0.473778	407.953482
7.755187	2890.645645
3.277296	1161.804671
7.705921	5047.901788
6.032446	1427.952329
0.80738	563.654499
0.139663	222.938187
12.943485	4953.161962
0.14246	484.476922
0.15599	263.835259
4.375031	1513.648133
9.073842	1751.598792
2.817506	1733.361594
12.009566	3933.789532
1.382487	864.651821
0.51192	568.922439
1.202853	370.340185
0.795201	219.655854
1.792705	759.275362
7.761554	4615.525019
3.748284	1479.941112
3.803771	1327.758134
7.919727	3339.543275
2.454935	992.614945
2.795334	1056.218492
10.583119	4153.008146
12.804077	5163.990243
1.591182	896.748934
10.432546	3909.881494
0.484794	488.933835
6.99692	2043.59908
11.710195	3612.796012
12.434062	3917.182663
9.394341	3171.017317
4.460701	2663.572433
1.158062	760.289368
5.400093	5846.720441
0.785139	194.192033
7.152461	5903.584229
6.948596	1334.470869
13.799774	5571.281599
1.90242	797.926169
0.705979	250.922957
1.235538	646.64834
15.417899	3576.565683
5.271907	1897.187564
5.441454	1406.171775
0.291054	304.175968
0.198395	469.866843
1.410709	577.697929
9.338025	3155.673347
1.246456	880.553802
4.005036	1462.600196
1.424085	641.265833
16.472737	5014.17496
0.780255	482.064468
6.464116	2819.397334
3.60412	1435.665038
1.698667	671.03438
0.464249	403.032345
2.19151	867.51577
8.064879	3969.256857
9.106982	2631.21766
15.373599	4817.357596
0.300636	653.413421
0.322112	313.134047
2.373151	837.192697
3.861621	1432.732804
0.474594	434.078062
0.390428	561.738812
1.766399	790.670428
5.269121	1785.184026
0.668752	362.175685
12.680904	2161.349978
7.567157	2261.555701
0.498224	507.355458
0.995055	714.77115
2.537309	990.132009
4.874697	1920.234387
0.675102	401.258759
1.687536	954.190535
0.418127	382.734335
0.622171	476.870843
0.541501	423.471831
0.142871	290.310362
0.731456	662.257553
0.793603	496.574662
0.174619	367.840773
0.808586	743.087936
7.742237	2649.885029
0.139423	318.968691
11.981027	4374.531741
2.358294	955.996601
8.373858	4476.167746
0.600374	515.022868
5.820562	2333.305911
7.975742	3318.804646
4.076443	1538.704512
3.565135	1447.743336
0.147596	290.346277
0.763769	427.333297
0.398979	334.242445
5.357735	1483.122469
1.17223	596.14396
1.982203	825.061161
2.089913	897.154447
0.886929	635.542083
4.132899	1775.291956
2.003727	831.117021
0.329838	367.662789
3.017738	1003.591258
0.16562	299.01875
7.434065	2439.115086
0.155841	396.642706
6.146923	4512.171429
0.727403	399.00577
2.689491	1281.233757
3.251698	1114.869139
6.513911	1582.466489
1.496267	628.289783
0.038595	343.950241
10.182134	3647.183285
1.743988	1097.2103
1.53821	766.239532
7.905927	2503.960634
3.501233	1213.988658
0.629909	387.746708
1.585509	647.325911
0.200755	417.332397
12.012811	5127.111543
7.769852	3145.509954
5.364023	2540.50555
0.425816	305.212002
1.055915	763.875364
11.217393	3950.817793
3.00533	1146.918479
10.918865	3556.916996
4.336431	1604.810583
0.166041	342.999211
8.192805	5723.892229
11.212965	2866.593567
2.874559	946.090682
2.418119	909.975632
1.231043	820.89378
0.090112	95.67008
0.473046	675.720812
2.910384	1017.544632
4.140128	1684.619555
4.329226	1601.363473
10.799227	3200.0
3.59586	1596.133551
10.531579	5516.47011
2.979986	1141.757744
0.691076	478.737792
1.712355	757.701043
0.386187	459.076839
0.429472	364.808653
1.93664	780.359352
1.103041	409.289112
0.106233	266.173092
0.250168	337.235039
6.063717	2323.773046
5.942231	2059.110894
7.74148	2331.235978
11.144924	3043.611642
0.067862	88.481089
13.090435	4718.362458
7.88766	2440.886018
1.404942	799.206263
6.006976	2314.680702
0.232942	616.311862
0.203029	329.241299
0.754357	266.787828
0.309726	329.295086
1.4719	597.691886
9.064533	4838.416482
1.67966	361.490053
6.462701	3672.662977
1.025926	648.84984
15.933972	5003.118091
0.960235	610.797191
0.31707	403.957028
2.90778	1246.271003
13.045544	4050.930572
11.791028	3048.298573
1.705817	695.017939
1.019493	440.238377
0.228419	330.499602
0.095206	287.789234
6.903533	3082.748577
0.895796	688.139091
6.056662	1449.779087
3.134458	776.180659
1.083279	432.897162
2.86418	914.75724
1.417514	873.349739
5.452743	2370.671108
6.266279	1864.413559
1.065167	457.126194
0.27733	397.655893
3.50844	916.076743
1.24695	711.260926
3.126727	1126.076779
4.069248	1668.096249
0.646984	460.886155
5.836008	2221.306879
0.582173	353.122292
4.255329	1319.364587
0.813592	632.957277
0.149002	349.94144
3.284153	1072.327886
0.454613	453.83645
12.193677	5194.10154
0.611073	791.976806
10.319957	3546.562527
1.770577	719.724135
1.893964	858.118972
0.133304	309.892964
0.69759	347.98167
0.606582	589.610285
7.297844	7781.893004
6.823744	5889.165481
0.093312	334.960572
1.731757	746.531129
0.966735	525.800859
0.761824	365.261603
2.132549	724.785232
2.512996	965.246447
1.002366	595.594676
2.909992	1127.8493
10.980988	3334.336055
8.181917	3144.550739
0.174053	400.632711
3.337085	1055.41926
0.302714	117.356433
7.150938	2837.139096
1.364658	667.629205
13.522585	3744.149766
3.229819	1081.605003
2.655141	970.999067
26.063479	13940.114841
31.76881	14604.744267
63.13597	19275.145179
20.876261	8246.062063
55.807522	19020.480855
31.024664	12140.04476
37.357024	14928.223309
17.93095	11046.545455
18.592974	5684.517129
22.034911	8771.168042
52.60899	8524.019738
80.843455	3547.504332
20.753755	9098.328202
23.153967	8451.647469
20.425291	3762.352941
40.16598	12160.094173
23.217029	8202.46238
52.851745	3905.718672
21.080969	7720.561812
28.164773	7113.243462
80.007009	7573.170188
27.8458	7243.184274
67.494691	13632.322434
23.479248	5769.753478
24.220345	10631.95728
21.121992	7966.183253
34.288729	10324.720737
39.45024	7383.536376
73.917242	3340.240914
62.063805	15385.773459
57.041902	15254.399805
19.627723	7946.598686
19.765061	7940.296331
18.861664	8336.007334
20.65885	7857.120483
27.306283	9139.932029
17.933358	5588.756278
18.885855	7615.4025
28.055993	15101.978029
25.926746	9281.131334
29.285186	12415.62373
27.637601	14981.681584
52.121433	9663.942826
18.976299	7669.564033
18.085911	5920.381666
39.708864	6207.012611
84.491319	9884.734632
65.624977	19243.525074
52.783152	5567.169228
41.76588	11401.140484
21.739479	8188.802741
28.311774	9449.544748
30.147297	11133.469825
18.421267	7913.774642
19.591252	8025.483802
18.113906	4615.910868
30.235312	12610.562966
24.236859	9380.791952
26.720759	9469.042624
35.514765	7118.138301
28.483934	9332.749556
19.48094	9723.122511
21.778876	7995.348161
18.461794	7286.698668
58.956222	19577.929921
36.89876	16497.075161
27.399525	9772.609819
79.659668	3834.907063
19.418515	8572.56101
20.353344	8232.240932
19.700905	9268.0067
18.916475	6831.14759
22.707381	10698.609775
65.581769	7932.135479
29.873199	10434.061377
67.459423	19216.357131
18.41585	6608.791209
22.447117	8460.117188
21.945221	9317.361557
23.75514	9804.200003
28.861662	11784.582162
69.584055	3143.35383
34.681051	10486.857826
39.860414	12716.189396
32.533881	10601.941748
21.151079	8141.084367
36.699444	6161.617324
32.50964	9375.925012
18.159252	7226.406378
40.888464	11499.83143
30.407458	9601.895151
20.398228	8989.272442
24.892583	7007.836637
55.19578	15121.028959
67.263868	2370.740603
35.370256	9892.397488
31.116242	8378.282828
18.180629	7286.24646
38.94556	11988.183161
23.223513	8362.652233
22.665486	9732.451582
43.910122	4726.515128
33.86358	10396.778043
34.370796	15838.728909
19.475318	8813.981007
21.737462	7718.818381
20.567803	7593.366561
30.733242	12840.676932
28.449943	8126.619327
30.338613	11254.247388
27.418826	9205.693058
21.752591	8228.228778
26.900708	9431.805813
20.267141	8087.502437
25.485507	8860.22882
25.727606	9808.229429
29.642411	9946.623167
26.284589	8976.45178
18.502057	7485.819001
66.631805	1248.096125
17.933131	7240.421176
25.792879	10561.986477
18.212006	7798.964935
19.022208	7675.920326
21.875763	8619.421934
31.549711	10627.235213
39.707311	5584.558135
34.431574	15554.985396
35.880548	11871.12025
57.262637	9022.780451
18.481459	8253.422759
25.403637	10602.721788
33.628493	9321.917808
19.727555	7771.317218
35.777081	10362.565851
18.802926	8562.211371
23.40575	9946.484642
30.046342	9687.001976
29.435441	12011.166303
30.115589	11751.725602
31.057532	11258.625449
25.307221	9331.761494
51.163649	16599.773839
20.336377	8178.647905
44.579006	17800.521484
36.94454	17013.011537
25.818239	8598.732841
22.501089	9389.457821
18.58475	7472.825188
27.104886	10989.569253
21.424865	8468.045915
60.823178	19596.30532
24.074835	9580.249538
27.166005	9683.627901
18.219011	4763.224181
34.821367	9135.551878
19.873096	7579.899196
24.323847	10134.190963
28.938471	9931.488079
22.554385	9587.979147
19.564255	7948.199336
18.524972	7565.92067
20.846964	8124.080996
36.617994	10903.903904
29.297056	6971.070059
54.559953	5969.730942
19.956065	7929.746898
58.572403	3871.486277
24.244671	9668.247242
19.531188	7837.019957
29.806799	11468.440556
34.06938	7471.646189
22.279113	8800.065795
61.156757	16250.346494
25.328946	6464.602797
19.693323	7939.378754
20.201977	7357.529468
19.334512	7675.864834
24.530169	8980.402542
53.958726	5910.461726
36.546916	10498.570975
36.329686	10476.787955
21.104903	8942.679442
32.48767	10828.484345
35.900094	5924.269778
22.553391	10048.817838
31.272441	11523.935128
18.824262	7720.06986
18.368185	7421.441451
67.992534	18241.28342
60.144171	15263.618732
19.873648	8884.378057
24.670763	9624.377324
19.72839	7680.636005
24.683895	8678.884026
35.131625	10430.107527
20.916563	9748.968586
25.232203	9245.075053
38.491993	12085.008616
19.764178	7831.708003
22.327038	8197.471079
37.925055	11881.15942
18.31424	7188.570759
27.136697	11232.249982
33.441543	8179.936816
19.607002	7917.523856
24.943796	11044.846867
63.925604	4183.459122
60.346973	15755.055769
31.731817	9565.531797
55.328587	1311.813693
31.580584	10953.286588
20.424752	7669.470917
31.209989	8293.517671
23.698257	8537.581699
59.392478	18566.397443
63.960367	12490.579486
20.275347	7798.759675
32.680522	10659.199152
19.620553	7898.850302
37.26177	11087.878788
17.995207	4746.206897
32.45431	9293.308021
21.216164	8357.903624
19.419247	7860.056993
36.911015	11102.188483
39.992345	13094.571908
18.446587	4471.990582
30.14547	13286.079028
18.053474	6121.733588
20.77952	7933.2395
56.261068	18123.213457
19.219006	7716.668736
28.939907	9114.317425
19.544557	7905.047598
30.854906	8522.197802
19.472528	7097.88945
24.146991	10085.244327
33.078982	12627.519067
25.261441	10420.142925
36.28404	10835.576083
74.653383	7586.460332
19.543957	7923.518326
36.322396	7314.814815
20.262738	7971.697657
28.124234	7480.706896
36.433117	11135.215453
20.762484	8316.038485
18.664796	4801.245908
23.30272	8298.743856
20.010035	8160.108019
18.859402	8024.794374
24.721551	10107.486717
26.190274	7502.753304
