SWC_1_1_1	LE
25.5	114.8
25.5	178.6
25.5	155.6
25.2	93.7
25.4	297.1
25.3	215.9
24.9	308.9
24.8	242.6
24.8	139.5
29.3	183.9
28.5	263.7
28.3	319.6
28.3	278.2
27.9	206.1
27.8	130.8
28.1	96.3
28.1	114.0
27.6	279.1
27.6	315.9
27.6	275.6
27.3	113.5
27.1	258.5
26.9	374.2
25.3	250.5
25.3	121.2
28.5	97.6
27.7	226.9
27.4	55.4
27.5	225.5
29.5	96.7
29.3	179.5
28.8	125.5
28.6	104.5
28.3	138.2
28.2	209.2
28.0	58.2
27.3	142.3
27.3	115.2
26.8	100.2
26.7	45.8
26.1	89.8
25.7	81.7
25.5	78.9
25.1	50.8
25.1	52.3
24.9	57.3
25.0	49.1
28.9	91.9
28.9	78.5
28.8	24.4
30.0	93.9
29.6	44.0
29.8	61.8
29.6	38.4
29.5	65.3
29.5	79.4
29.1	48.4
29.1	29.8
29.0	60.1
28.9	54.0
28.8	49.6
28.6	48.7
28.6	37.3
28.5	52.0
28.5	152.1
28.4	43.9
28.4	22.0
28.4	26.1
28.6	32.8
28.5	35.4
28.3	24.7
28.2	31.0
28.1	21.5
29.9	52.8
30.0	49.9
28.9	33.7
28.9	35.6
29.1	36.0
29.2	55.3
29.2	22.5
29.2	29.2
29.0	49.8
29.3	32.1
29.0	44.6
29.1	29.9
29.0	37.1
29.0	45.1
29.2	43.9
29.0	28.7
29.3	14.3
29.4	22.3
29.4	23.6
29.3	57.1
29.6	28.9
29.4	85.2
29.4	77.4
29.2	85.2
29.2	82.0
29.2	117.3
29.6	138.3
29.5	176.2
28.8	141.6
28.7	44.8
30.0	222.0
29.5	59.8
29.5	267.6
29.3	312.3
29.2	226.3
29.4	151.2
29.1	241.8
29.8	205.8
28.9	276.3
28.7	273.4
28.7	139.6
28.7	149.5
28.9	29.6
29.7	89.4
29.4	278.0
28.7	314.6
28.7	333.5
28.4	509.7
28.2	333.3
28.2	301.5
28.0	348.9
29.4	115.6
28.4	153.3
28.2	142.6
28.2	258.2
28.0	520.6
27.9	493.8
27.9	620.0
27.9	263.8
29.3	299.4
28.9	243.6
28.2	174.8
28.3	55.7
28.2	123.7
28.6	250.0
29.6	38.7
29.5	92.8
29.6	106.1
29.8	45.0
29.8	53.0
29.8	98.6
29.6	50.8
30.0	101.8
29.9	65.1
30.0	39.2
29.9	9.2
29.9	36.3
29.3	3.8
29.4	40.8
29.2	40.3
29.2	34.4
29.2	33.9
29.5	87.6
29.4	128.3
29.2	59.9
29.2	56.4
29.5	95.1
29.4	114.4
29.9	50.2
29.8	84.6
29.7	80.1
29.5	116.5
29.1	113.6
29.1	76.0
29.0	103.6
28.8	122.7
30.0	275.1
29.4	139.4
29.8	278.4
29.4	167.8
29.3	209.3
29.2	360.0
29.2	279.8
29.4	158.6
29.2	198.4
29.2	161.7
29.7	319.8
29.7	220.0
29.9	447.3
29.5	213.9
29.5	251.8
29.6	155.0
29.4	71.5
29.4	116.5
29.4	62.7
29.3	52.7
29.4	109.1
29.6	79.4
29.4	43.9
29.4	55.1
29.4	45.2
29.8	34.2
29.7	43.6
29.7	28.5
30.0	39.9
29.8	20.4
29.8	26.0
30.0	25.8
29.9	60.7
29.8	33.0
29.6	35.0
29.6	23.7
30.0	116.3
29.9	75.6
29.7	120.4
29.7	76.3
29.7	62.6
29.6	76.8
29.6	70.2
29.4	103.5
29.7	123.1
29.6	91.7
29.5	93.5
29.9	220.4
29.9	263.3
29.8	149.9
29.8	195.9
29.7	280.7
29.9	237.2
30.0	408.9
29.8	340.5
29.7	381.4
29.7	276.8
29.7	135.6
30.0	225.7
29.8	250.6
29.7	111.4
29.7	355.6
29.6	251.9
30.0	63.4
29.7	343.0
29.7	316.3
29.6	404.2
29.6	95.0
30.0	142.1
29.9	98.8
29.9	63.7
29.8	78.6
29.8	65.1
29.8	103.5
29.7	99.7
29.9	71.0
30.0	131.3
29.9	142.0
30.0	156.0
29.8	177.1
29.8	112.1
29.9	158.9
30.0	157.5
29.9	122.2
29.8	289.3
29.8	188.5
29.7	104.3
30.0	258.7
29.9	277.8
29.8	268.9
29.8	300.8
29.8	305.3
29.7	75.5
30.0	285.9
30.0	340.8
29.9	313.8
29.7	259.1
29.9	508.6
30.0	174.3
29.9	178.7
29.8	447.8
29.8	346.7
29.8	134.9
29.8	324.0
29.8	358.4
29.8	224.5
30.0	237.2
29.9	143.3
30.0	168.1
30.0	69.2
29.9	186.5
29.8	331.4
29.8	352.3
29.8	304.9
29.8	284.2
30.0	64.8
30.0	57.4
29.9	52.5
29.9	54.6
29.9	84.5
29.9	50.1
29.9	31.5
29.7	62.2
29.7	51.3
29.7	54.1
29.7	59.7
29.7	56.4
29.7	34.7
29.9	97.4
29.9	55.9
29.9	70.5
29.8	121.7
29.8	93.5
29.7	102.7
29.7	31.9
29.6	52.6
29.5	144.0
30.0	246.9
29.8	273.8
29.9	254.9
29.9	277.4
29.6	166.2
29.5	223.5
29.5	158.0
29.5	271.9
29.5	278.7
29.4	257.7
29.4	218.5
29.4	296.7
29.4	243.4
29.4	359.5
29.6	191.3
29.6	319.8
29.6	325.1
30.0	416.6
29.7	465.2
29.7	350.3
29.6	315.3
29.6	254.2
29.6	240.9
29.5	304.4
29.6	185.3
29.6	80.4
29.5	341.3
29.5	293.3
29.9	197.5
29.9	317.5
29.8	280.7
29.9	190.0
29.8	236.1
29.9	169.1
29.8	272.1
29.8	326.3
29.8	302.9
29.8	171.2
29.8	408.0
29.8	82.6
29.6	249.4
29.6	113.9
29.6	249.7
29.6	386.1
29.5	383.0
29.6	158.5
29.6	250.3
29.5	340.2
29.5	331.4
29.5	272.1
29.6	266.0
29.6	226.4
29.5	326.6
29.5	196.1
30.0	125.8
30.0	203.9
30.0	269.0
29.9	320.8
29.8	151.8
29.8	99.4
29.8	165.9
29.8	247.0
29.7	232.0
29.9	223.0
29.9	224.1
29.8	196.2
29.9	240.1
29.9	221.0
30.0	195.9
30.0	247.7
30.0	157.5
29.9	185.4
29.9	122.0
29.9	158.3
29.8	239.4
29.8	125.7
29.8	200.2
29.8	35.1
29.8	106.1
29.8	114.7
29.7	110.3
29.7	261.8
30.0	253.6
30.0	266.3
30.0	238.0
30.0	544.2
30.0	294.7
30.0	336.5
30.0	165.7
29.9	369.8
29.9	349.7
29.9	310.9
30.0	22.4
30.0	15.1
33.6	27.7
34.8	84.0
34.9	65.3
34.8	38.5
34.9	65.2
34.5	60.9
34.8	90.3
33.1	39.9
34.6	91.0
35.7	186.7
33.0	58.8
34.7	204.2
30.9	90.5
35.3	116.4
34.9	259.8
35.4	222.3
32.1	193.2
36.5	95.9
33.6	178.3
35.3	328.5
34.6	276.6
35.8	78.4
35.6	179.5
34.9	62.7
35.1	70.9
35.1	49.9
36.2	111.7
33.8	14.5
35.1	98.0
36.4	129.4
34.8	100.6
34.1	102.7
35.8	157.6
30.2	64.9
35.2	425.4
30.4	319.3
36.1	117.9
36.7	259.3
36.0	231.3
32.2	397.6
33.2	433.1
33.8	100.5
37.8	67.2
36.2	141.1
35.5	57.5
36.0	67.1
35.0	53.8
34.9	32.4
35.2	55.0
30.1	117.7
36.7	105.5
34.6	106.0
34.3	145.0
34.4	152.6
32.2	132.9
35.7	223.0
35.0	177.9
35.6	118.5
35.3	351.5
34.2	164.6
30.1	190.1
30.1	293.1
35.6	213.7
36.5	295.6
36.9	193.4
34.8	225.3
31.6	192.2
31.3	302.9
30.3	387.8
30.3	216.2
30.8	147.8
30.4	157.7
36.4	132.6
36.7	219.0
37.7	80.4
36.1	58.4
36.3	80.1
35.2	16.1
38.2	34.4
35.9	28.5
37.7	18.7
30.2	71.9
31.7	50.5
37.1	78.8
37.2	69.8
30.2	105.1
35.1	133.4
34.9	61.9
34.7	73.3
36.2	194.0
36.2	28.5
33.9	89.7
30.7	61.1
31.9	39.8
33.0	193.7
30.2	73.5
33.3	412.7
36.7	284.3
34.1	197.5
33.7	338.8
32.6	277.4
30.6	231.1
35.2	77.2
33.5	174.7
37.4	174.8
37.0	67.6
35.2	42.5
37.1	71.1
37.3	111.5
32.2	30.0
37.1	108.6
37.2	114.2
30.9	42.7
33.9	122.5
34.7	212.1
34.4	170.7
34.4	181.4
34.1	62.2
32.4	81.3
35.6	105.0
34.6	117.3
33.6	100.1
33.7	113.0
32.7	35.9
31.4	52.5
34.2	57.1
34.7	242.7
37.3	134.3
34.7	24.3
37.4	302.5
32.4	408.3
30.2	158.1
33.8	388.7
32.5	559.0
34.5	243.8
32.8	522.8
31.5	258.4
31.1	420.9
36.0	713.4
33.5	426.8
34.3	91.4
34.5	162.6
31.6	81.0
32.0	103.9
33.6	83.2
30.8	16.9
31.3	110.5
31.3	68.8
33.8	30.8
30.7	61.1
30.4	47.8
37.6	50.5
35.0	99.0
34.8	57.6
35.2	83.3
35.2	35.3
36.7	251.5
36.0	294.7
36.8	196.5
31.8	97.8
35.8	347.0
32.8	116.0
30.8	190.4
37.7	140.3
37.6	165.1
36.5	443.2
35.7	271.9
31.2	134.9
30.4	165.8
30.2	137.8
30.1	170.8
30.3	241.8
31.8	544.5
30.6	236.4
36.9	328.5
32.7	66.5
36.8	210.1
37.0	268.0
34.9	181.6
35.1	114.8
34.1	178.5
33.9	288.7
33.6	216.8
33.5	136.9
33.6	85.0
42.2	134.8
36.1	98.3
37.4	86.0
46.0	29.1
45.6	32.5
36.9	77.7
35.0	84.5
37.1	59.1
35.4	142.0
35.0	133.0
37.3	219.1
36.4	94.7
37.6	244.2
33.3	138.4
33.1	219.7
36.5	281.7
37.3	186.3
36.0	314.1
37.1	190.7
36.7	138.4
35.3	68.2
35.9	227.7
37.7	143.6
34.4	316.0
32.6	278.5
33.1	261.9
31.0	80.5
31.6	75.0
31.2	54.8
30.7	27.6
34.8	50.7
34.9	33.1
36.9	120.3
37.7	79.7
37.8	49.0
37.4	21.4
30.7	37.7
30.8	31.9
35.2	23.4
35.8	87.0
31.2	77.6
35.8	78.9
35.5	82.7
35.9	76.9
36.3	55.6
32.6	125.4
35.4	91.0
36.2	138.6
37.0	319.2
34.5	217.6
37.2	67.0
30.7	96.7
35.9	51.3
32.7	136.7
30.4	174.5
34.8	142.2
33.7	181.1
36.1	103.1
37.4	52.7
36.1	27.4
36.6	38.5
30.9	32.8
37.7	123.8
37.2	85.1
35.6	54.2
36.3	81.6
36.3	105.9
37.3	297.3
35.4	87.1
37.5	260.1
36.0	123.0
32.1	179.1
35.5	345.1
35.8	197.3
33.5	71.7
37.5	120.3
36.5	261.8
37.5	182.9
33.8	174.3
32.6	261.3
30.2	141.4
30.4	141.4
37.4	127.6
35.2	31.1
30.9	90.5
37.7	200.4
36.5	114.0
35.0	220.8
36.0	52.5
34.4	77.0
37.3	135.5
37.2	164.0
33.5	60.9
36.5	66.5
37.0	62.6
36.6	16.3
31.0	51.8
30.7	31.8
35.4	62.3
37.6	168.5
37.0	43.0
36.9	101.4
31.3	75.1
37.2	190.2
36.3	170.6
34.7	152.3
36.8	118.8
36.6	303.2
37.6	111.8
30.1	334.4
32.9	268.1
31.1	294.8
31.1	45.1
30.3	25.9
36.1	80.5
37.7	69.5
36.6	13.6
38.9	31.0
39.6	84.3
38.6	55.2
38.7	45.2
38.2	66.5
39.7	63.9
38.2	162.0
38.7	171.0
38.3	359.2
37.4	122.3
38.3	34.2
39.2	163.4
37.9	82.5
33.4	109.4
30.3	307.3
32.5	280.2
35.3	192.9
32.8	193.6
35.1	413.9
34.9	174.7
35.7	132.7
37.1	74.5
36.5	264.3
33.1	225.4
36.5	73.0
36.9	97.8
37.1	38.7
36.9	60.7
34.8	23.8
41.4	37.8
46.0	20.4
46.0	13.9
37.2	118.1
38.2	84.7
37.0	14.9
37.0	105.7
39.2	129.6
38.0	145.5
38.3	15.1
37.8	119.8
36.6	157.9
35.3	68.9
35.8	122.5
35.2	96.3
34.7	54.0
34.5	78.2
36.1	50.9
36.4	317.6
37.6	114.7
35.4	59.9
37.6	327.5
36.0	159.5
36.0	40.8
37.2	259.5
37.5	83.3
36.4	197.4
36.2	396.1
37.0	282.3
36.7	200.1
36.1	265.0
36.2	355.8
35.6	230.3
35.5	119.1
35.5	145.4
35.6	85.3
35.1	205.5
34.1	126.4
34.7	91.6
37.2	45.3
38.2	37.1
37.4	68.1
36.5	43.7
36.2	47.8
34.7	0.5
35.0	-0.7
37.4	77.4
37.1	136.4
36.9	279.2
36.3	51.7
36.0	25.3
36.4	217.6
35.3	48.5
37.1	74.0
36.6	307.1
35.8	153.3
36.9	54.6
35.4	63.4
36.4	108.7
37.5	116.3
38.1	317.4
36.2	152.5
36.5	106.8
34.5	369.8
31.4	325.8
34.0	23.9
32.7	21.6
34.1	41.2
34.0	70.4
