X_daily_mean_temperature_C	Y_daily_mean_ozone_ug_m3
20.0	56.0
19.7	50.0
19.9	51.0
17.4	42.0
15.9	45.0
16.8	53.0
18.2	66.0
19.9	46.0
19.8	44.0
19.5	59.0
15.4	15.0
14.8	9.0
16.4	21.0
15.0	33.0
14.9	50.0
16.5	59.0
17.4	51.0
18.4	43.0
18.7	79.0
15.1	54.0
10.9	54.0
11.8	53.0
14.0	70.0
16.7	84.0
18.3	68.0
18.8	71.0
17.1	80.0
15.3	45.0
9.1	34.0
10.7	41.0
10.6	40.0
11.9	50.0
13.4	47.0
15.2	50.0
17.3	66.0
17.6	93.0
16.6	92.0
14.2	62.0
18.2	83.0
18.4	74.0
19.2	72.0
19.6	69.0
16.7	94.0
19.9	72.0
19.9	96.0
18.5	90.0
17.4	32.0
18.4	48.0
19.2	52.0
19.9	69.0
18.5	83.0
18.5	85.0
19.6	90.0
18.8	17.0
19.9	71.0
18.4	65.0
18.9	50.0
19.9	49.0
19.8	89.0
17.8	53.0
18.9	72.0
19.3	30.0
19.5	59.0
19.6	35.0
16.1	39.0
19.0	63.0
17.4	73.0
18.0	73.0
18.1	92.0
19.1	119.0
19.2	85.0
19.9	93.0
17.9	89.0
17.2	71.0
19.3	29.0
19.9	63.0
19.9	69.0
19.6	63.0
15.0	26.0
12.0	19.0
15.3	20.0
18.1	40.0
18.0	84.0
18.4	72.0
18.3	87.0
17.8	81.0
18.0	94.0
18.4	67.0
15.8	42.0
16.1	75.0
17.0	57.0
16.6	85.0
17.9	100.0
18.8	109.0
17.8	89.0
17.3	27.0
17.1	52.0
17.6	76.0
17.9	81.0
19.4	42.0
19.7	36.0
18.6	63.0
19.2	69.0
19.8	65.0
18.8	79.0
18.1	42.0
16.0	41.0
14.3	40.0
15.6	45.0
13.4	18.0
15.2	49.0
16.0	81.0
16.4	53.0
17.1	37.0
16.1	41.0
17.0	43.0
18.6	72.0
18.7	69.0
17.2	44.0
17.0	42.0
17.6	80.0
16.9	99.0
15.6	87.0
15.9	81.0
8.5	39.0
10.7	25.0
12.1	40.0
12.6	39.0
15.3	52.0
16.8	61.0
17.6	74.0
18.9	111.0
19.5	138.0
17.5	102.0
18.7	103.0
17.7	36.0
17.6	64.0
19.1	73.0
19.0	77.0
18.7	98.0
18.5	55.0
20.0	50.0
16.5	16.0
19.2	16.0
17.9	23.0
17.1	30.0
18.7	38.0
19.9	58.0
19.6	44.0
18.4	57.0
16.7	63.0
16.2	50.0
14.5	45.0
12.5	34.0
14.6	23.0
17.5	61.0
17.2	75.0
17.1	69.0
16.9	71.0
16.2	97.0
16.3	110.0
16.9	110.0
17.7	94.0
16.8	69.0
15.5	60.0
16.9	45.0
18.7	56.0
17.4	57.0
19.8	64.0
19.1	77.0
18.6	99.0
19.7	65.0
18.1	59.0
18.4	19.0
12.3	30.0
14.3	45.0
16.1	48.0
17.6	45.0
16.9	84.0
18.8	67.0
18.8	45.0
14.7	66.0
12.5	75.0
15.7	56.0
15.4	66.0
12.9	85.0
12.8	86.0
15.0	75.0
16.9	95.0
19.9	79.0
19.4	97.0
17.9	86.0
19.2	41.0
18.5	69.0
19.5	58.0
18.7	52.0
18.5	38.0
16.8	85.0
18.7	89.0
17.8	108.0
16.9	97.0
18.2	90.0
19.8	99.0
17.1	77.0
17.8	93.0
19.7	81.0
19.8	112.0
18.6	129.0
19.7	134.0
19.7	114.0
18.6	59.0
18.7	65.0
18.8	77.0
19.5	78.0
20.0	46.0
18.9	41.0
16.8	15.0
13.6	32.0
10.5	56.0
11.0	50.0
14.9	78.0
16.6	80.0
18.7	65.0
19.4	79.0
19.9	130.0
18.7	92.0
18.8	68.0
17.0	82.0
18.8	79.0
19.9	128.0
19.1	114.0
18.9	86.0
18.9	111.0
19.6	107.0
18.7	98.0
19.2	78.0
15.0	34.0
9.2	38.0
12.3	30.0
15.0	35.0
15.5	35.0
13.7	34.0
15.9	38.0
18.3	54.0
19.6	60.0
19.8	52.0
16.8	35.0
14.4	43.0
17.4	62.0
18.1	92.0
19.5	70.0
18.2	31.0
17.6	42.0
18.3	72.0
13.3	38.0
12.0	36.0
16.1	64.0
19.7	60.0
18.7	31.0
18.8	70.0
16.6	104.0
16.0	82.0
19.3	73.0
19.8	105.0
18.1	18.0
19.2	22.0
19.2	58.0
19.2	76.0
18.8	77.0
19.0	85.0
19.7	121.0
18.7	53.0
19.5	60.0
18.5	63.0
17.9	76.0
18.6	85.0
14.9	90.0
15.8	105.0
16.5	73.0
17.4	77.0
18.5	61.0
19.2	74.0
16.9	92.0
15.4	120.0
17.7	96.0
17.8	117.0
19.1	77.0
18.8	107.0
18.8	91.0
18.2	106.0
17.8	112.0
17.7	102.0
15.1	73.0
14.0	83.0
14.5	89.0
18.2	82.0
19.5	90.0
16.2	89.0
15.5	110.0
16.2	109.0
17.2	55.0
17.8	90.0
17.4	128.0
18.6	113.0
19.2	69.0
18.5	95.0
17.9	93.0
13.9	70.0
15.8	90.0
18.1	93.0
19.5	69.0
18.5	65.0
15.8	43.0
14.7	45.0
15.7	76.0
17.4	74.0
15.5	45.0
14.0	56.0
14.5	75.0
15.9	82.0
18.8	41.0
18.1	54.0
16.8	60.0
18.5	48.0
18.9	109.0
18.0	128.0
17.2	89.0
17.1	83.0
16.6	76.0
16.8	43.0
15.4	58.0
17.8	46.0
18.7	80.0
19.6	36.0
14.5	20.0
13.5	18.0
18.3	98.0
17.6	66.0
16.4	72.0
17.1	69.0
18.5	89.0
19.4	125.0
16.5	38.0
13.6	20.0
16.1	40.0
19.9	118.0
19.3	65.0
19.2	37.0
15.4	56.0
19.7	69.0
20.0	92.0
19.8	89.0
19.3	94.0
19.8	96.0
20.0	80.0
17.0	58.0
17.8	52.0
14.7	43.0
16.8	51.0
18.0	68.0
18.8	75.0
19.5	59.0
19.4	100.0
18.8	84.0
15.0	63.0
14.3	74.0
17.0	98.0
18.3	70.0
17.1	61.0
17.5	98.0
17.5	82.0
18.9	68.0
19.2	68.0
19.9	62.0
19.6	113.0
18.6	85.0
14.2	31.0
14.5	22.0
16.8	66.0
18.2	99.0
18.8	81.0
18.2	88.0
19.2	67.0
17.8	84.0
18.8	76.0
19.6	53.0
15.5	79.0
18.4	88.0
19.5	58.0
19.6	63.0
19.6	71.0
20.0	60.0
19.8	14.0
16.5	15.0
19.3	35.0
19.5	101.0
19.1	115.0
19.7	100.0
18.8	59.0
18.8	129.0
29.3	41.0
30.4	34.0
30.3	35.0
30.3	28.0
30.2	35.0
30.4	38.0
30.5	29.0
29.8	33.0
30.1	31.0
30.4	25.0
30.8	31.0
29.1	15.0
30.5	26.0
30.3	28.0
30.1	33.0
29.7	46.0
30.3	116.0
29.4	38.0
28.4	66.0
28.1	72.0
29.5	18.0
28.6	29.0
28.6	67.0
27.7	70.0
27.4	55.0
28.0	62.0
25.9	44.0
26.0	60.0
28.0	79.0
25.5	68.0
27.0	86.0
24.9	78.0
24.7	66.0
23.5	64.0
24.6	93.0
24.0	107.0
23.5	65.0
23.5	78.0
24.0	87.0
22.8	53.0
21.0	46.0
20.1	62.0
20.3	21.0
20.3	81.0
21.7	56.0
20.3	80.0
21.4	42.0
21.3	109.0
23.4	46.0
25.0	24.0
22.1	90.0
24.8	32.0
26.6	37.0
24.7	47.0
21.0	89.0
22.4	121.0
24.6	58.0
24.1	66.0
26.5	80.0
25.2	97.0
28.4	37.0
29.2	39.0
29.8	30.0
28.8	19.0
30.3	45.0
29.6	47.0
29.3	77.0
27.7	38.0
29.6	48.0
30.6	57.0
30.4	63.0
26.4	46.0
29.4	49.0
30.4	54.0
30.4	47.0
30.2	25.0
29.4	22.0
31.1	34.0
26.9	33.0
29.3	30.0
30.3	123.0
29.4	62.0
28.2	45.0
29.0	38.0
29.0	26.0
28.6	31.0
29.7	27.0
25.6	14.0
29.1	47.0
28.7	21.0
29.5	24.0
30.6	24.0
30.1	53.0
30.5	69.0
29.0	22.0
30.2	86.0
30.3	32.0
30.0	81.0
30.1	82.0
28.5	62.0
25.1	46.0
27.8	60.0
26.2	26.0
24.2	36.0
22.1	54.0
25.5	123.0
24.3	112.0
25.2	130.0
26.4	52.0
20.5	73.0
22.3	86.0
22.1	115.0
23.7	100.0
22.4	63.0
21.3	84.0
20.1	119.0
20.9	100.0
20.4	66.0
22.3	91.0
23.0	43.0
24.4	95.0
21.3	114.0
23.1	100.0
25.7	35.0
25.5	109.0
21.8	111.0
24.8	55.0
26.4	35.0
27.9	42.0
27.7	45.0
28.4	41.0
25.4	56.0
22.3	93.0
24.6	111.0
25.8	110.0
26.9	69.0
25.0	103.0
24.4	70.0
27.4	49.0
29.2	44.0
26.3	42.0
29.0	29.0
29.2	37.0
30.0	43.0
29.6	42.0
30.2	36.0
28.8	46.0
30.0	39.0
30.5	39.0
30.9	39.0
31.1	41.0
30.8	43.0
32.0	99.0
31.7	105.0
30.8	108.0
27.1	48.0
29.6	33.0
29.5	35.0
31.1	124.0
27.2	55.0
30.8	134.0
28.8	103.0
28.9	138.0
28.5	115.0
28.0	58.0
26.4	25.0
27.7	40.0
24.0	82.0
24.1	110.0
28.3	123.0
20.9	109.0
24.6	89.0
22.6	78.0
24.8	75.0
24.1	76.0
23.4	80.0
23.1	80.0
22.7	25.0
21.0	82.0
20.1	106.0
21.0	103.0
23.7	46.0
20.8	58.0
20.8	78.0
20.9	80.0
21.4	104.0
24.7	54.0
24.0	47.0
22.4	17.0
24.1	95.0
23.8	102.0
29.1	56.0
26.9	59.0
28.7	68.0
31.2	132.0
30.7	98.0
30.8	69.0
29.7	41.0
28.5	49.0
29.4	46.0
30.2	61.0
29.8	62.0
26.2	23.0
29.8	32.0
27.5	30.0
28.9	48.0
30.4	40.0
30.7	36.0
30.7	41.0
31.3	48.0
30.6	32.0
32.2	84.0
29.8	66.0
29.1	32.0
29.2	47.0
28.5	58.0
30.0	59.0
29.2	52.0
29.1	32.0
29.3	25.0
29.4	43.0
26.9	54.0
26.2	86.0
29.1	41.0
25.7	62.0
26.9	21.0
27.3	25.0
27.1	37.0
28.5	39.0
29.5	35.0
30.0	58.0
29.8	60.0
30.3	67.0
30.0	80.0
29.3	106.0
30.5	73.0
24.2	60.0
24.5	55.0
25.7	62.0
26.9	103.0
26.5	127.0
25.8	140.0
24.6	122.0
23.3	50.0
26.0	97.0
26.8	87.0
26.2	82.0
25.8	90.0
25.3	114.0
25.8	94.0
26.3	82.0
25.9	90.0
25.2	110.0
25.3	67.0
20.8	33.0
22.6	86.0
23.0	87.0
21.5	59.0
21.7	44.0
24.7	55.0
23.1	73.0
24.4	54.0
20.1	75.0
20.2	54.0
21.2	65.0
21.4	60.0
22.3	63.0
20.4	54.0
24.3	49.0
21.0	39.0
24.7	54.0
26.4	58.0
22.4	104.0
26.4	49.0
27.0	49.0
27.3	41.0
27.7	44.0
27.3	33.0
26.3	22.0
26.5	56.0
29.9	62.0
30.0	46.0
30.0	42.0
31.2	46.0
30.5	47.0
30.1	38.0
30.4	33.0
30.7	32.0
29.2	34.0
30.3	38.0
30.5	48.0
30.8	24.0
31.6	38.0
31.1	50.0
30.6	39.0
30.3	34.0
30.9	73.0
28.1	32.0
30.4	42.0
29.2	40.0
29.2	27.0
27.7	24.0
27.5	50.0
27.1	30.0
28.9	21.0
30.1	34.0
30.3	58.0
30.5	84.0
29.7	92.0
28.5	57.0
29.7	62.0
27.1	41.0
25.7	38.0
29.4	91.0
29.1	87.0
30.9	60.0
27.0	97.0
27.9	97.0
28.2	101.0
27.5	113.0
28.2	85.0
29.2	88.0
27.9	82.0
24.8	92.0
23.9	109.0
24.8	55.0
20.2	30.0
21.4	70.0
21.0	121.0
22.2	101.0
20.1	37.0
21.5	45.0
25.0	25.0
24.6	44.0
22.6	78.0
24.0	124.0
24.5	89.0
26.9	37.0
27.5	41.0
25.3	43.0
27.5	52.0
27.1	40.0
25.9	113.0
25.8	137.0
29.0	45.0
29.9	48.0
26.2	62.0
25.0	102.0
27.7	35.0
28.7	42.0
30.1	43.0
28.8	43.0
28.5	38.0
30.0	34.0
27.9	65.0
30.3	50.0
29.0	32.0
29.8	65.0
29.9	65.0
27.1	53.0
27.5	29.0
29.3	42.0
29.8	51.0
29.4	29.0
29.4	40.0
28.1	51.0
28.7	45.0
30.1	35.0
30.1	43.0
29.9	60.0
26.3	25.0
26.5	31.0
29.3	54.0
26.1	62.0
27.8	51.0
29.2	61.0
29.8	42.0
29.5	52.0
29.7	33.0
28.8	40.0
29.8	91.0
29.6	75.0
25.6	80.0
26.5	88.0
24.4	79.0
23.7	69.0
20.3	78.0
20.5	83.0
22.3	105.0
22.9	31.0
22.8	72.0
21.1	59.0
20.2	80.0
20.9	56.0
20.5	66.0
20.8	108.0
21.5	79.0
22.3	87.0
24.0	47.0
23.6	73.0
