Fertility_rate	Human_Development_Index
7.693	0.338
5.879	0.492
5.238	0.507
4.84	0.496
2.535	0.645
1.677	0.781
1.719	0.79
1.555	0.797
1.371	0.794
2.5	0.685
2.562	0.692
1.234	0.851
6.32	0.504
5.774	0.603
5.304	0.609
1.526	0.837
1.567	0.839
2.987	0.743
2.304	0.85
1.588	0.747
1.615	0.752
1.719	0.801
1.714	0.811
2.3606493	0.63415104
2.285924	0.677284
1.591	0.676
2.131	0.766
1.764	0.757
2.008	0.798
1.373	0.82
2.699	0.791
2.282	0.8
2.94	0.511
1.755	0.79
1.729	0.798
1.715	0.808
1.708	0.811
3.526	0.676
3.43	0.686
2.433	0.721
6.51	0.371
6.23	0.396
5.848	0.426
2.068	0.609
1.502	0.688
4.713	0.568
3.89	0.639
3.721	0.645
3.287	0.671
1.26	0.725
1.278	0.756
1.486	0.804
2.99	0.696
2.418	0.68
1.777	0.753
2.461	0.79
2.185	0.804
2.024	0.814
1.978	0.842
1.642	0.793
1.5	0.807
5.869	0.389
4.44	0.453
5.076	0.404
3.175	0.525
2.782	0.547
2.751	0.551
5.795	0.432
1.591	0.647
1.533	0.664
5.785	0.337
5.812	0.346
7.201	0.32
6.839	0.396
2.978	0.645
2.522	0.681
1.719	0.772
5.195	0.47
4.489	0.56
4.348	0.571
3.935	0.602
5.266	0.573
4.651	0.582
4.726	0.591
4.38	0.634
2.928	0.696
2.779	0.706
1.8	0.802
6.585	0.39
6.128	0.396
1.485	0.836
1.562	0.674
1.402	0.766
1.607	0.769
2.402	0.749
1.509	0.85
1.146	0.828
6.672	0.386
6.606	0.392
6.591	0.431
4.41	0.349
2.16	0.724
1.998	0.732
2.074	0.737
2.869	0.658
3.633	0.649
2.615	0.737
4.512	0.572
3.254	0.648
3.238	0.665
3.311	0.68
2.636	0.628
2.291	0.653
5.731	0.536
5.618	0.552
4.952	0.644
4.407	0.483
4.335	0.479
3.867	0.496
1.361	0.746
4.981	0.558
4.235	0.523
2.841	0.658
6.4	0.317
4.708	0.441
4.529	0.456
4.177	0.487
4.082	0.494
1.4145938	0.7928959
1.4586754	0.84263706
1.6004827	0.8599548
2.357	0.718
1.776	0.823
4.502	0.653
4.142	0.674
3.831	0.732
6.191	0.339
5.683	0.432
5.519	0.469
5.392	0.474
2.078	0.767
5.191	0.515
5.105	0.522
4.906	0.539
3.974	0.583
6.358	0.307
5.704	0.409
5.266	0.436
1.67	0.83827734
1.32	0.781
1.341	0.823
1.424	0.848
1.446	0.847
1.522	0.857
3.514	0.482
2.775	0.566
2.205	0.714
2.189	0.71
4.934	0.626
4.099	0.652
2.852	0.672
2.089	0.703
1.78	0.741
4.799	0.598
4.544	0.664
2.11	0.776
1.848	0.805
1.843	0.809
2.832	0.791
1.296	0.8
1.249	0.806
3.026	0.664
2.77	0.664
4.819	0.647
4.508	0.657
3.653	0.713
2.855	0.75
2.616	0.771
2.605	0.79
3.32	0.816
5.372	0.488
5.027	0.504
3.312	0.608
3.76	0.588
3.898	0.6
2.087	0.843
2.838	0.666
4.792	0.462
4.639	0.469
4.132	0.488
2.872	0.587
1.252	0.695
1.223	0.775
1.343	0.84
2.283	0.733
5.174	0.463
3.132	0.721
2.773	0.741
2.626	0.74
1.26	0.812
5.494	0.402766
2.554	0.6585855
1.744	0.858
5.412	0.448
4.613	0.496
3.068	0.723
1.555	0.802
1.55	0.81
2.199	0.657
6.624	0.395
6.319	0.411
3.382	0.668
5.524	0.467
2.359	0.637
1.27	0.794
3.439	0.601
3.18	0.605
3.049	0.604
1.537	0.711
1.719	0.729
1.82	0.762
1.81	0.772
2.358	0.594
2.321	0.696
2.739	0.735
2.957	0.759
2.746	0.742
1.79	0.843
1.85	0.84
3.757	0.461
2.396	0.665
2.32	0.683
2.23	0.71
6.153	0.252
5.933	0.281
5.6	0.35
5.245	0.457
3.281	0.374
3.204	0.381
3.058	0.391
2.27	0.574
4.138	0.565
3.58	0.558
3.665	0.614
5.211	0.404
5.074	0.42
4.668	0.447
2.08	0.604
2.025	0.596
2.167	0.811
3.937	0.54
7.702	0.323
7.043	0.38
6.124	0.435
5.503	0.53
5.021	0.537
2.5144236	0.81803006
2.4687498	0.8243534
2.4635663	0.82798356
2.1904926	0.8431121
2.449	0.846
6.207	0.405
5.642	0.422
5.352	0.436
5.012	0.45
3.605	0.544
1.989	0.755
1.965	0.784
4.867	0.663
4.627	0.674
3.511	0.718
2.852	0.69
2.83	0.694
2.608	0.767
4.525	0.456
3.432	0.555
3.67	0.664
2.744	0.69
4.098	0.602
4.067	0.609
1.956	0.724
1.536	0.735
1.473	0.795
1.316	0.715
1.304	0.724
1.421	0.781
1.713	0.845
1.559	0.805
1.725	0.83
5.5	0.433
4.922	0.479
4.117	0.525
1.633	0.832
1.531	0.818
3.11	0.692
2.743	0.701
1.424	0.745
1.379	0.748
2.306	0.7
1.83	0.781
1.808	0.781
4.739	0.663
4.572	0.672
4.423	0.706
4.262	0.712
4.136	0.711
4.664	0.574
4.485	0.596
3.759	0.631
3.695	0.636
5.644	0.681
3.964	0.744
3.074	0.792
5.064	0.438
5.025	0.47
2.407	0.797
6.495	0.304
5.563	0.4
5.064	0.418
4.703	0.438
4.08	0.454
3.876	0.463
1.469	0.74
1.27	0.834
1.231	0.802
4.39	0.553
4.372	0.552
3.8	0.583
2.548	0.622
2.428	0.705
2.257	0.724
2.6121128	0.6915652
2.5410109	0.69540364
2.2016697	0.727708
2.091469	0.7485009
1.9023213	0.7784721
1.164	0.859
1.358	0.766
1.153	0.804
2.514	0.642
2.301	0.713
2.263	0.721
2.651	0.714
2.57	0.718
2.5	0.716
4.994	0.583
3.679	0.635
2.837	0.57
3.459	0.658
3.384	0.661
5.826	0.383
4.866	0.546
1.631	0.71
1.221	0.792
5.885765	0.406
4.994707	0.461
5.037823	0.46
5.087324	0.483
4.633942	0.528
4.563	0.675
4.175	0.703
3.388	0.755
1.624	0.766
2.338	0.623
1.953	0.69
2.874	0.616
2.08	0.75
2.186	0.813
2.082	0.833
2.75	0.683
3.749	0.613
6.825	0.398
6.525	0.47
6.019	0.514
5.563	0.532
4.621	0.571
4.283	0.582
1.333	0.701
1.47	0.773
1.148	0.772
2.385	0.815
1.539	0.839
1.927	0.72018623
1.931	0.7270223
1.554	0.77544844
2.408	0.722
2.16	0.775
2.503	0.625
4.1	0.567
4.039	0.592
3.696	0.615
2.1	0.717
1.927	0.764
2.75	0.646
2.714	0.657
2.537	0.731
4.62	0.502
3.776	0.453
3.911	0.567
3.744	0.586
1.25	0.864
1.208	0.866
1.129	0.873
1.045	0.876
1.058	0.871
2.168	0.861
1.882	0.861
1.908	0.867
1.863	0.868
1.892	0.868
1.825	0.882
1.765	0.891
1.764	0.897
1.849	0.914
1.882	0.917
1.991	0.919
1.972	0.927
1.792	0.939
1.743	0.945
1.593	0.95
1.364	0.879
1.415	0.895
1.404	0.902
1.381	0.905
1.44	0.912
1.43	0.915
1.44	0.916
1.464	0.919
1.41	0.927
2.042	0.871
1.839	0.902
1.563	0.868
1.564	0.875
1.603	0.884
1.594	0.886
1.794	0.913
1.813	0.916
1.835	0.919
1.748	0.925
1.69	0.933
1.379	0.951
1.696	0.865
1.723	0.868
1.719	0.873
1.693	0.871
1.674	0.881
1.569	0.884
1.553	0.883
1.51	0.894
1.545	0.906
1.612	0.913
1.642	0.918
1.627	0.921
1.627	0.927
1.612	0.93
1.614	0.932
1.548	0.935
1.51	0.935
1.413	0.931
1.366	0.935
1.167	0.878
1.484	0.867
1.323	0.882
1.323	0.897
1.33	0.907
1.361	0.905
1.392	0.907
1.333	0.864
1.508	0.873
1.51	0.875
1.427	0.883
1.447	0.885
1.455	0.892
1.753	0.903
1.751	0.87
1.723	0.883
1.734	0.894
1.726	0.902
1.779	0.912
1.88	0.922
1.688	0.939
1.712	0.943
1.749	0.951
1.678	0.954
1.559	0.959
1.719	0.864
1.543	0.885
1.58	0.888
1.661	0.901
1.41	0.902
1.5930252	0.87687457
1.6093224	0.87929887
1.6050227	0.88032347
1.4641871	0.8829021
1.742	0.871
1.795	0.911
1.801	0.914
1.832	0.917
1.828	0.92
1.826	0.924
1.797	0.924
1.407	0.945
1.351	0.947
1.374	0.947
1.461	0.949
1.318	0.946
1.916	0.877
1.974	0.881
1.987	0.884
1.99	0.883
1.99	0.893
1.859	0.908
1.785	0.909
1.639	0.92
1.262	0.87
1.377	0.881
1.364	0.887
1.37	0.892
1.344	0.909
1.361	0.923
1.387	0.933
1.4	0.936
1.385	0.942
1.591	0.949
1.57	0.951
1.577	0.958
1.441	0.959
1.494	0.871
1.485	0.876
1.395	0.874
1.298	0.886
1.328	0.888
1.35	0.887
1.337	0.896
1.386	0.896
1.334	0.908
1.664	0.8671708
1.703	0.87583596
1.741	0.8827478
1.675	0.9027572
1.669	0.90514636
1.564	0.91397655
0.921	0.866
0.987	0.879
1.03	0.891
1.054	0.907
1.12	0.912
1.207	0.923
1.265	0.928
1.201	0.932
1.227	0.937
1.205	0.94
1.086	0.952
0.708	0.95
0.717	0.955
1.531	0.861
1.55	0.867
2.144	0.868
2.075	0.936
2.156	0.935
2.023	0.941
1.938	0.95
1.744	0.959
1.711	0.962
1.71	0.966
1.818	0.967
1.54	0.972
1.93	0.899
1.865	0.905
1.915	0.908
2.011	0.911
2.065	0.907
2.056	0.915
1.99	0.911
1.9	0.921
1.772	0.941
1.718	0.947
1.653	0.948
1.777	0.946
1.594	0.947
3.028	0.889
3.01	0.892
3.05	0.893
3.103	0.911
2.83	0.919
1.264	0.862
1.332	0.876
1.439	0.884
1.427	0.89
1.344	0.889
1.242	0.899
1.252	0.908
1.198	0.915
1.44	0.865
1.407	0.874
1.376	0.883
1.371	0.884
1.34	0.885
1.346	0.889
1.308	0.894
1.277	0.899
1.285	0.903
1.33	0.905
1.333	0.905
1.389	0.912
1.388	0.914
1.415	0.917
1.39	0.92
1.373	0.921
1.323	0.922
1.304	0.922
1.256	0.921
1.208	0.925
1.742	0.864
1.698	0.87
1.609	0.88
1.572	0.871
1.47	0.881
1.338	0.889
1.573	0.882
1.468	0.893
1.439	0.904
1.487	0.903
1.442	0.912
1.435	0.914
1.514	0.919
1.462	0.92
1.57	0.923
1.523	0.933
1.529	0.936
1.537	0.938
1.628	0.866
1.705	0.869
1.692	0.875
1.633	0.885
1.662	0.863
1.657	0.878
1.631	0.879
1.646	0.88
1.611	0.883
1.622	0.909
1.415	0.916
1.361	0.916
1.382	0.918
1.39	0.922
1.375	0.867
1.443	0.862
1.379	0.886
1.11	0.914
1.101	0.917
1.803	0.862
1.588	0.861
1.573	0.863
1.569	0.889
1.721	0.9
1.729	0.898
1.722	0.904
1.714	0.92
1.752	0.935
1.572	0.95
1.514	0.953
1.961	0.862
1.956	0.871
1.966	0.886
1.892	0.905
1.976	0.912
2.165	0.926
2.096	0.927
2.004	0.933
1.925	0.932
1.876	0.938
1.647	0.939
1.8944266	0.8665236
1.7720436	0.8702258
1.92	0.863
1.869	0.89
1.873	0.887
1.757	0.923
1.798	0.93
1.835	0.939
1.897	0.943
1.941	0.947
1.705	0.962
1.566	0.966
1.482	0.969
1.56	0.969
1.415	0.967
1.292	0.873
1.317	0.873
1.389	0.884
1.299	0.906
1.377	0.864
1.405	0.87
1.328	0.876
1.834	0.87
1.731	0.88
1.605	0.866
1.519	0.883
1.432	0.885
1.296	0.888
1.198	0.893
1.521	0.9
1.358	0.903
1.459	0.905
1.289	0.893
1.483	0.896
1.127	0.898
1.077	0.904
1.125	0.903
1.136	0.91
1.149	0.915
2.17	0.878
2.14	0.893
2.28	0.9
1.372	0.866
1.239	0.875
1.342	0.882
1.186	0.885
1.068	0.911
0.964	0.933
0.949	0.934
1.003	0.934
0.936	0.935
1.521	0.865
1.566	0.871
1.317	0.883
1.611	0.923
1.594	0.918
1.64	0.924
1.568	0.926
1.576	0.931
1.145	0.871
1.19	0.878
1.206	0.905
1.197	0.91
1.202	0.914
0.881	0.927
0.783	0.933
1.436	0.865
1.381	0.867
1.34	0.879
1.277	0.886
1.332	0.9
1.213	0.918
1.878	0.862
1.6	0.877
1.527	0.888
1.506	0.901
1.501	0.906
1.569	0.915
1.648	0.918
1.751	0.908
1.772	0.911
1.902	0.92
1.876	0.943
1.847	0.945
1.846	0.947
1.754	0.95
1.709	0.955
1.671	0.951
1.668	0.958
1.488	0.87
1.477	0.88
1.469	0.886
1.383	0.896
1.432	0.918
1.492	0.942
1.517	0.945
1.52	0.949
1.514	0.952
1.534	0.956
1.537	0.957
1.519	0.96
1.513	0.962
1.433	0.97
1.366	0.861
1.288	0.901
1.162	0.903
1.682	0.862
1.641	0.87
1.624	0.876
1.698	0.886
1.747	0.897
1.893	0.915
1.911	0.916
1.909	0.917
1.801	0.931
1.571	0.93
2.059	0.878
2.039	0.882
1.98	0.895
2.003	0.898
2.04	0.907
2.053	0.914
1.987	0.915
1.879	0.92
1.832	0.928
1.804	0.929
1.616	0.925
1.409	0.862
