Debt_to_GDP	GDP_Growth
27.1686756472154	3.84674166509373
27.2381964011351	7.83209779101442
31.8664230237431	5.03672042034297
33.6478367011133	3.07901753477167
39.3503158458057	9.28042104515386
40.9992084548247	0.276088024593605
33.3359635064452	2.5819078238094
31.6602314031611	3.76177122621912
32.1834478656868	6.00300899758489
33.0093502628573	2.78383354652405
32.2486390344176	3.4161267268946
31.5347700883326	3.18257259715766
29.1700189511222	6.51713885377283
32.8677445168104	4.06057081666241
34.3745643450357	8.32799694953145
35.5749130883505	7.12596948217272
42.0061709440137	-3.49665461735418
34.505083832063	3.09419077627324
24.0366603428038	3.82595823256764
25.234403852925	1.95197902081507
28.6153496865834	7.59090393358488
30.8405329565661	-1.45793346533827
24.4606794578521	2.81601440145778
23.0666764524179	3.80424428454798
23.3866310700199	4.37116063202005
22.5985503460496	1.86129267860605
21.8109865717343	1.42626319605843
20.2548888081964	2.27112340142021
17.9933321545157	3.35044910694158
19.3484055852702	3.45489344885198
20.067323666994	5.86393596651769
21.0086121963045	4.68965724549602
22.4352244059219	-4.70085477425171
18.0473795385368	4.48613161523512
69.1122409234521	7.06404255272605
77.6816371566405	-6.86063404728553
70.688431943751	0.312079320235824
69.3045948413339	2.16624377428548
66.4556421197665	3.94705326197962
69.2264125544733	6.90270247216083
77.9141737242958	-6.54995286111402
71.0076212754262	0.597515256905496
69.2058652214273	2.32602977369942
66.2817586248671	4.11782588294032
69.0760103254617	7.26349029603921
77.6779807948219	-6.78294271787128
70.726066256183	0.289655398680338
112.153336342808	2.78367390829352
109.999872420209	2.64058278650343
115.963264775916	6.0466919748077
121.946485252358	-2.38862032137294
96.9143262399128	2.53012511444722
95.2889566518371	2.94780933880656
94.1731793114252	2.50304866957114
95.0501725323993	1.75713430738413
93.1430673255618	2.76027570206345
92.1526825251906	2.54956232851526
92.0884356902759	2.13356731596357
90.5794494414687	2.24317308229351
86.6939695512679	1.68675931889908
82.4223141128765	2.72408861915019
74.082190707757	-2.60473409198144
62.379523573968	0.181930682514064
54.3922152333392	2.00810206865177
54.5680181691681	2.77426860186505
55.7852995438633	3.46118301337901
55.9758597311477	3.78710378064847
55.9889096354886	2.71668552065563
54.0559138753041	1.80170092068977
53.0412248800117	1.03055880912815
35.442247195029	4.16235066823292
46.5656471581538	6.3936663253368
47.6257691620209	6.78411966003432
47.6728207481026	7.96912333627881
50.8423091675609	7.68973935167961
50.6062629648635	7.24547986692529
50.9967091013628	6.23326513040877
51.2727904226404	5.64515915604163
52.1832993863618	5.45109403202389
52.0331586963563	8.19440351757765
56.3529447807272	7.38981184100092
57.0954415021292	3.48063577458643
58.2777103305044	7.53428173032866
60.5562898681274	7.89518422976431
63.0918598841689	7.64449221776582
63.9289388384921	7.54604881614362
60.9943097223078	7.46572456545647
61.4807029795489	3.77199800153592
58.2364465802722	4.57324198890292
56.5678102867184	4.08685651051928
46.5656471581538	6.3936663253368
47.6257691620209	6.78411966003432
47.6728207481026	7.96912333627881
50.8423091675609	7.68973935167961
50.6062629648635	7.24547986692529
50.9967091013628	6.23326513040877
51.2727904226404	5.64515915604163
52.1832993863618	5.45109403202389
52.0331586963563	8.19440351757765
56.3529447807272	7.38981184100092
57.0954415021292	3.48063577458643
58.2777103305044	7.53428173032866
60.5562898681274	7.89518422976431
63.0918598841689	7.64449221776582
63.9289388384921	7.54604881614362
60.9943097223078	7.46572456545647
61.480702979549	3.77199800153592
58.2364465802722	4.57324198890292
56.5678102867184	4.08685651051928
53.0292543715132	4.01541716935742
58.5241429999966	4.8268006234359
81.9202285507536	8.96957619074095
83.4542023899143	-3.31375636888916
74.8082518103115	2.06257790176122
63.6337689521087	3.67141928098908
74.5233409273812	3.28317593330073
79.8771647108445	3.90893551362245
79.2842872907886	2.2277040745779
72.9442880579616	2.24022695382642
70.4662619818776	1.7072283175406
64.0504160397904	0.984129880204108
69.1921886031503	2.46351683915714
42.5637250641322	2.58355480961319
48.115804536322	9.56461225648184
58.756056270967	8.28677879049404
52.4833906656816	-11.1839399355384
38.83800907991	2.01554763848308
39.5661427058603	1.58876549046354
48.0562986764141	8.29999999959539
46.5518225541677	12.5999999997766
60.080359768226	5.80000000065645
63.4012140067668	-7.19999999920631
50.0284206863703	7.59999999853918
57.8834285733848	4.25304559238732
69.836773674895	2.00694844335034
69.0656538994855	-0.133531904304775
59.9837867004913	2.19401703622717
54.3001380799371	2.87417039499501
53.1037976577229	2.29331030192918
54.463570652249	2.75564065529868
46.293292747612	2.16434780647852
41.5409287207942	2.60118978187332
37.4031396926122	2.65445302592404
39.3096720165071	3.95247138119184
30.0025299553744	2.39473494330615
28.5706752868622	2.21004795300735
23.7918159800555	1.95484826298522
18.1404251935735	3.62398503565633
20.0582738191257	3.78947119882653
21.4023842789788	2.7709261737475
22.3700818832059	3.15548121323168
22.8245660455405	4.21894147547516
25.0320718409237	3.0912800997751
25.8412136969849	3.94980535772942
27.6400889435694	2.03145880248898
29.4708236736698	3.9160574881715
6.38557579182856	4.78883248761557
6.29501240116287	9.36950260277183
4.57653797474662	10.591437462476
73.7303208143	3.04824180553773
77.6639776530748	10.8779009410268
82.5398306524293	17.5861390037409
79.0414158203086	-20.0893664891399
56.6924606462303	-0.838585871193203
56.5027068771842	2.39795510823548
52.624565152769	3.3713988456489
50.2046646297839	-1.15650811269629
47.6225079407988	0.997411675486745
46.3248467111347	1.8469701294558
44.7663646864529	-2.86320081549439
36.4498330286183	4.52003886739061
35.306429206242	0.613170735890648
33.6922817103418	1.53866248693835
30.908208407968	-4.17542805647342
25.45550066502	-2.32364807041851
22.9908535609144	1.44609991235758
22.7774542844919	2.51659221712706
18.7520042790972	4.14841930754267
111.598089477141	-5.9113629524152
91.3598106259863	2.05287774418655
84.3014580347853	2.05258864979861
77.5251429515026	4.95383534123657
70.5694533398636	3.81499327422425
60.7584088656577	2.50787205267615
43.5275770260668	4.30885692657077
42.2700248553772	5.29262224906203
35.6065986264045	3.80302899043062
34.5689325404164	1.92815791170796
29.0713708137176	4.3342989754845
15.6294022913075	2.53988570158225
7.2926256555605	6.24501094995797
7.54545632569935	8.29396129093843
20.2540605565848	6.4669995195042
29.3985591955441	6.98096175867695
32.4533576041094	6.29644129075703
28.3796671065326	3.34855067103268
27.1047836328351	2.49094875338352
25.7450148929614	5.30006940305884
31.2044521104432	4.73956739963045
31.863991518402	3.83312393993225
31.4618431575804	5.07728777526728
125.131136441335	1.49650622520576
117.275144046752	-1.17048018967635
108.313205218304	0.752615446604594
99.4343885869565	-1.771174940631
90.2372160393651	-3.41390821153806
82.4489816884745	-0.310320187825369
76.4393226392145	-2.21771085628247
86.8542626598636	-5.01727538250874
71.0883224744168	0.633460590858988
66.8016267359889	2.07918386258883
62.3690591999655	6.07054621673575
63.7916238643802	3.95545720757542
33.2442039424903	1.44645548204305
37.0957369908527	3.14919758275296
39.8801045313301	2.53218349471909
38.9240984107258	-2.5264464460425
37.5981780556757	-3.82957056812593
24.5487262642116	1.65112470228097
23.8372955552391	0.998719299661161
24.4293134230567	1.70785253368828
39.4168108447656	5.54997471638077
18.905245726907	7.75001707500896
18.5574619808712	0.199995231733979
10.6566343685377	10.1999994860937
8.9092608163614	8.60000659811426
6.64440183178372	9.99999473022963
6.57022058767027	9.40000151584914
12.3366860124798	5.04526758311702
11.440616774975	4.72530605111095
15.0144518163306	5.80000327485702
61.0308317738748	3.89226067249989
61.1342977094366	4.06646561608865
61.1385471733495	3.94389321816617
62.4120191090005	-0.13007112300869
64.0391039757611	1.41741099233461
64.9499537251718	-0.446709636828217
62.033292116626	-1.62747776449082
64.0974458625061	3.33939738340764
67.1012109617633	4.51145460193301
69.6837899301797	2.2191905367057
78.5645928230355	4.78066505273344
66.6155817914396	9.66522679614125
50.4310172089739	5.39907320663811
111.007884099526	-10.2183974208569
90.3573525676224	5.75514851246506
95.847821202237	3.50187185732737
95.7786849944102	2.08684522733067
92.2912012820179	8.47594339232963
81.0505609933361	6.66080128866197
84.9990711320017	5.88108550658288
88.9492144824279	1.73634039505693
67.0148156229242	5.16482012683895
57.5496480907902	8.4892584842808
50.9195301727763	11.9318738376229
53.9367496631031	7.66749238553135
57.6965298565065	4.52944877696235
59.811072814383	16.1047836542012
71.297555656776	5.6408051539139
75.6957100342792	6.93507146766659
71.8993384935838	5.15725736177561
65.6287612724923	7.78656040877364
54.1217805841119	10.4437797168913
67.1679909951713	7.32837435673082
37.2923933577388	3.35506838174288
68.3398527645303	1.68379912721821
60.1091977404058	2.50781080899505
40.3101186314933	1.99439414850893
41.7435105198961	4.22681333390325
46.974819377832	7.39164256472846
45.4216327901094	-3.01509335460439
44.0235714265967	2.88585242083978
44.8932316814539	3.82900399349064
47.3715635812666	3.24409895306594
52.2381270463661	3.24225822231566
53.5008593062732	1.15384793371298
49.6097495387668	2.34985873172397
49.0902635279898	-0.821837252962993
45.8346942869169	0.959511709726897
19.6161332466694	-8.72888243996397
16.193904309718	3.0317733945467
15.2307151442609	4.18869237159223
14.6807691758665	4.11437856445083
15.8049523139869	7.20442475914267
19.086977673602	-4.85132507409779
18.3257336074772	5.69714422072884
19.0163812887175	11.1029068737822
20.6231807851092	-0.170857099335691
21.0743622822987	6.83841052493574
21.8862970525722	10.119723322694
19.2517818685668	-14.1442346163423
8.00402997376666	3.25207295796832
5.9431764131185	5.79255577727118
6.02356808660498	8.36387109282306
83.0317498523499	3.24165532813583
79.1023218880378	3.01669435408112
85.011503676948	4.7626043797061
98.7098819471851	-3.27675879612903
92.5652531951269	1.22077782271943
86.6078841212333	1.78366676137003
83.6692026491606	1.32286905390815
73.4188038019563	-3.2759169063211
67.5375540307946	-3.54576339347278
58.4572711057739	0.503955740273241
57.2284093842608	3.0048226702888
59.8494900003683	1.92117598509462
59.3416583034432	3.97442307944702
61.3187804637225	7.52822581812151
61.9320439111455	3.00027415814125
63.1897248087734	1.62673258211919
55.5822235545459	6.94252492572348
73.3851925518101	2.01077262406221
47.0623633717549	5.88920497068135
45.5738610534927	6.60456906812341
50.3420177209934	5.00733043811898
27.4923946808839	5.12990110773977
28.0325110484223	3.08984284148661
61.1023208728582	1.52874550838358
59.704132672031	4.18903628100851
68.7795713723483	5.95052802804381
74.5544073791525	-5.03823343468899
53.3623246913959	1.90843194590616
53.1515356456582	2.74296344906655
54.4625651849142	3.03383491200222
56.0236243991088	1.03855092490855
55.9915837788793	0.649971001734855
51.4827081297932	2.87346677785811
53.200869076551	2.32581354806429
55.7251649377054	1.75566129145483
54.1193858391726	3.13719442170364
53.1497329605545	3.09080634469335
53.1924466726998	-2.91508621550267
45.3205112731135	0.995406301140747
39.1585639491399	2.04990463726786
43.2916781929928	2.63794375007348
46.0616514241618	3.21045439063563
46.8009858324025	3.09236384292251
51.2713370557453	1.80638512302554
54.1491194927984	2.99925535017809
57.4583564504362	1.87509810696022
58.7379742383571	5.1385391803606
13.1456400046218	4.9716214882971
71.3312731896082	0.712380031974334
70.2611599864283	7.32827729427979
80.4259616037106	10.8011981904878
91.1566069449736	-7.18591413760859
72.7038785770822	3.18685539245533
71.6505702481056	2.56432428277704
66.7272478472146	1.35936086788746
66.9071609125065	2.08738250162794
53.2785874737167	2.95590137527523
47.9761695160459	4.49903000110972
67.1029119456429	5.13399351995672
65.227695883164	3.91263576716115
62.8601328222053	6.94789198173555
72.4526699261111	4.49465897070922
68.9990033374936	1.13964864548062
65.2450803056946	3.28344618616541
52.535419533379	3.91827190322513
17.7090216802298	2.92486148176778
14.9405246182608	9.31116944064918
25.4826844740907	9.93126543095578
60.2269417189103	11.6372888615758
39.3351119117989	3.49116989434005
38.5018488599169	3.86871808953644
85.7885338345865	7.08782742681038
102.190173433284	3.5391566928735
74.0361190983906	2.95461516549889
66.4690525886664	11.9047617015957
70.3842794023881	-7.893101359867
53.8790393562178	2.43747159065784
52.2142820084663	2.4124442237792
55.248518820306	2.24761908134138
52.0656561693955	2.53906241135864
51.2784032678648	2.40000008852115
50.8379544344007	1.7293998423459
62.3992767937371	2.18295232499635
54.8523398142256	2.88770010188691
54.5625709816415	3.77358499834686
57.4942866187624	2.15419536693635
58.1469205675387	-2.10876837627522
48.4269376195663	2.15440298282768
48.4823724778462	1.84760220587859
50.5122222715281	4.3369986028604
56.2158116750578	2.68083009363194
56.5005963032977	0.889404485692197
57.9112234090821	1.56539303147618
62.446945384262	1.57291844759789
35.370552538118	0.879613659882722
27.376408936306	1.12790697674419
35.7240338783132	4.23621913615419
38.3588929573653	-2.95183453409287
29.8019704155602	6.43186888691574
27.1148162836527	0.0653956557843571
21.886341638627	3.52095345987983
20.5460181439876	2.94916821059911
16.3848798476003	1.70425806017289
14.3086225605816	2.05738179246586
13.2587988833004	4.09048190124592
12.7705717318626	1.83973625916165
12.9613211155748	3.82443487429767
31.4488445669584	8.36408573314054
32.5332245901733	6.81614778557282
30.0951138170263	9.56418965754014
29.0056817322355	9.43348265981905
27.9431250379303	10.3924630141307
26.9372797365191	10.2574929627477
10.733283781495	10.5822700502552
43.4063813624702	7.83220126555726
42.9693933571232	10.9585321385624
54.7271260127791	10.6442336580969
65.193315792645	-6.2904717853839
44.723685798174	5.38071926589951
38.2238727024287	6.062036412677
38.8413159167876	5.15990261658827
39.4788389461877	3.45021517996871
36.0003473428274	3.35102350265353
30.3921568627451	4.09049059581743
28.9477658041046	5.13288531209382
28.1048141377209	6.57883101954195
27.6972297789187	7.9343365253078
31.4208316402546	6.24640865303363
30.8567774936061	-3.65075229596822
23.4732554299105	2.42161440960641
19.2040626581459	12.5755698246405
23.090087672862	9.42148081189909
29.2292335361289	9.59113832853026
36.9156072188349	5.79268292682926
45.5074088345535	11.0570310020104
55.4493025751073	5.47402488700408
56.0323643991609	4.80729867243699
58.5196339627013	1.84038117927339
25.2099619740494	3.69481894978053
24.7007424112068	2.97470856847661
24.5639597782709	4.16390688293349
24.8169594138567	2.88417542800377
23.3939731993278	0.476898106596394
20.383408037295	3.29352400028485
21.986997531652	6.33771869016203
22.2347729614565	5.35139778711536
21.6021201382389	3.27602692588886
22.1444573926966	3.13791683609193
21.0384409661569	2.56037766801896
18.692477319178	3.83928708556792
20.2690233179284	2.33257486608854
16.9838230125753	3.6088687174876
82.2901905933258	-0.817107370513455
77.9862613165307	4.15238057779229
88.7340289766468	7.22291580811137
97.2770501317352	-4.33872540024058
84.5853805934757	5.07718495088933
88.0341072816668	5.60613813768876
93.7843161146645	4.12418389451805
98.6243511146021	2.43864141309342
98.3779020318993	3.65981615406955
100.093027733158	4.33435364113967
95.9738781592431	2.03216990678146
95.209254283133	-1.33948446518181
91.2838583706876	1.91670916599742
81.9782851366397	1.06795068152046
81.9727102365894	-6.7401660845502
73.3327228037818	0.993437085479655
69.6770160641219	0.332354337878925
68.8174002831763	3.93393162712054
65.8167847155483	4.30028318461673
63.7677193421039	4.96312536156307
60.5731508002625	3.93877761242727
59.6833271190358	4.73006530805553
59.8612785648418	4.06202617226026
61.6159572531064	4.40937501806403
80.155194216912	5.18615760140189
85.1196750795497	8.82069395623492
94.3257130314702	5.1805719742238
98.4737480563637	-6.64587816297836
89.0165347839031	1.13821230465001
80.6816491232151	4.66077032612084
89.2469810873099	3.48506703916689
101.938031553476	6.21808764217616
116.155544806503	3.76859023848581
134.408470670298	1.91381609098249
139.919746812041	3.59695700972851
150.774647210171	1.16931174886884
155.158764944293	1.37999669140882
148.777767489614	-2.22181847599202
145.104759933745	-8.32146414328021
128.506321494882	1.69961076077263
83.0821198008625	8.74132941508014
85.9662539768117	5.67161248460013
83.2677822586796	7.0293406083855
47.8003800930389	7.62260520117914
53.8074063105902	2.28136971731965
55.714632803046	0.542286728015213
59.6429980173993	3.84093935130252
57.5281607671929	4.90518213679276
46.5224986659322	6.45385134497769
47.5836093800197	6.79538341897911
47.6337555915272	8.25630550179086
49.9647183856551	7.99625378571471
49.9009248748319	7.41022760508854
50.3118273627008	6.38610640094825
50.6780305618952	5.45638755166587
51.5565536600977	5.24131619937695
51.5919103003897	8.49758470221235
55.2564461117969	7.86188883286074
57.2922142809949	3.08669805921981
57.4975363892468	7.6608150670107
59.6667302762217	8.06073257166651
62.2265261001737	7.92343062148318
62.5929767433885	7.92293661199932
62.1900538960464	7.8603814759073
62.5527712945573	3.80397532112175
59.0179097968845	4.82396626555771
55.0042464964554	3.84099115659129
29.997306381567	4.62887118256153
34.2250282105616	6.01370360009123
29.7173962466428	4.78036912167654
32.2241265309989	4.49947539085764
27.438248367378	2.63385099105624
35.8630061595051	-1.81975035118309
29.4760678291372	13.7873730187089
27.3918908850844	2.60676642939541
97.8664003352989	-8.30441923583135
85.7693465475141	1.80943147301357
96.136723606367	2.29303371291363
115.889445482292	2.76043761369557
118.195358706681	0.92148712399856
132.413890497651	0.689822359762587
135.885094993632	0.517686011311724
137.934669887058	-0.613636042132399
133.978459775192	1.73037627006349
136.224334891016	-1.45714720850386
134.678769793404	-4.34530185828071
120.339824591656	-0.811736702186792
112.989990199089	1.43195403769627
117.698811478754	2.89912534481287
121.00247616654	0.893797935409893
122.008068595913	1.32372510450574
127.433255587593	3.66631759041991
127.777467033609	1.99729094191295
117.535033564029	1.34492956615135
98.3341557109605	0.87870355044231
102.847276112668	2.88408339281683
100.908283146258	2.64743514912058
98.9957033934574	3.65564358999147
75.9660726859906	-1.10275188309046
79.3448532492717	1.75124077866225
75.3805020477717	2.47359815449045
74.071860773415	1.9941808493012
78.8614496694168	2.49652879315188
77.7139917549107	3.38407809933472
73.723812248079	2.60994737548631
65.3506139398579	2.42935800100238
60.4217719904335	2.73717988632104
59.7710843617397	2.31483422063046
59.2214668762727	5.02371007272669
55.0660525842339	7.22038637280139
69.9595261843331	8.17616995204646
72.6249133521929	8.09297527811933
79.9498072958681	8.14659481079931
89.0222348564437	8.56721424236899
88.9183393971254	4.16166755544407
85.0740359140418	5.78380792679296
90.8265631629398	5.26995757513571
93.7109707103206	4.24571192079179
20.8858497183933	5.09999999973641
21.3547830101811	3.19999999970734
22.4120405815457	4.29999999729456
23.7157605024381	-2.49999999628
18.4830469477519	4.50000000091883
21.9922369362835	4.09999999309841
16.9303582595661	4.10000000257358
16.7694252748762	1.09999999910173
19.307916061599	1.20000000053288
12.6469696266918	4.20000000566705
10.8406391538642	5.99999999671084
10.4981138465889	4.79999999528297
8.80131007226425	7.40000000144188
9.52296325134078	7.30000000329814
48.5543799702909	1.58301467403629
47.6110651856141	2.72756456708991
45.8328934501884	4.61296795454287
43.775799174588	-0.700242317542106
37.6954834097738	2.31380210595475
35.5200546750178	3.17611568177327
35.4459831845843	3.433191763972
36.1498684786294	3.17152748983935
35.7105611200011	2.92029267301234
34.8171173128439	3.21468019683108
33.3707589515616	3.2913959543442
31.0184112293818	2.54766550568242
40.54198900827	9.0132928339342
47.085480540382	8.96750520041391
56.3623694600643	5.50700762671923
67.9562222931595	-7.14897757727955
51.3325378370411	4.60062565707598
51.6567858407378	3.75791013557165
60.9182286766387	4.73993722377884
60.4735108680683	4.33585592190116
72.4565575830671	3.87582544512439
53.8893270176244	4.02403863083252
2.99271686140967	-8.15595785459911
32.1670318908686	-1.41799383085205
32.8447143461545	-1.48063315848241
37.368022786851	-3.13817493733471
42.0604324864983	3.60890731687714
33.1383846153849	3.12406678044546
33.0174927862044	1.71054990545476
33.208634984126	1.79252555575545
32.1837873350535	6.33408374679448
27.1308905908949	4.61641394528752
29.563599276758	5.26967078056286
41.6905722621989	-1.25375779920832
37.5171853858454	5.52341966978646
55.5992119991912	0.921115069005936
44.7856317896456	5.71682519194337
41.7011065966529	4.35356471619211
34.2946221230854	4.00000000089172
37.8862077338952	2.49999999914311
27.3346460465678	2.80000000003355
27.9207565041985	5.62527000105139
24.9138891722583	5.41034999817167
28.4619929057621	1.90000000072909
18.8455448350087	4.93266999813729
19.2608300381554	6.87406585416142
20.1151721657444	8.3281098524038
64.2816241956596	3.5370638041057
60.1479261322487	9.03173723044451
63.2668366732951	3.31534954399166
62.0067215086738	-5.45684658426701
52.4213502119727	4.41318742129586
51.1859148831795	4.84308697634881
50.0496777374929	5.81272240983328
51.8905275342534	4.44978139761541
53.5744697326154	5.09153242155011
52.6758487332831	6.00672194558203
52.9992519246741	4.69372252557893
51.6464316160996	5.47345419253853
50.0286816425423	5.29391283414003
49.5598230655171	7.42484738326097
50.8357455983458	-1.51352871598714
39.7997028374607	4.83176988913097
40.0881257702829	6.29878592740947
40.5883961366256	5.5848470671515
42.0675597614326	5.33213916141486
45.6966383151073	6.78343772370305
45.0766412986635	5.7884992858875
43.047339208221	5.39098830692797
57.2981206101706	8.84342600490342
54.8854181471638	6.7854678229144
46.1935516743923	-8.34069861571051
30.3431523048305	8.97645459033633
29.1842777540108	7.13338024717898
29.5408843071306	23.6302719852686
33.9271150397616	-11.1773097061784
27.2730426643921	5.92489251113133
30.3523770936084	13.7500496410836
33.5908378331301	7.26838656139654
31.2308703408131	-3.94363452271253
40.8644099852265	3.84581040832157
41.5637492486046	10.4521147301896
44.0008963636364	5.48717948717949
47.728014974263	3.55815188528943
48.3205495540139	2.5040827436037
47.4856330974415	1.88574597892401
49.4013516129032	-1.25958378970427
52.7442510729614	3.80898237635019
52.42613226342	-1.29068462401796
56.0864126523505	-0.502512562814076
68.8800763500931	5.53918680023571
71.9117976190476	3.66524129505193
71.5412639836289	-7.56634669678148
57.1349404640455	2.89128499346516
54.5604097916564	4.00674057198549
55.4162684218654	3.93798380632353
36.0040049386744	3.49611836470866
35.0358570491021	4.07753806610333
36.275908664453	4.37720322344293
36.0211353228051	3.31507699790781
33.2416262961369	5.38696254207251
34.1599246904864	5.72701615981669
37.4486905882301	4.8655446077553
41.1387968950545	1.77754302034454
38.5444032538334	4.33001985464357
44.1430010758192	5.92544548947731
39.288508399984	1.61491865862433
29.7941358107018	3.34754072731407
31.6907550044809	8.20279174865273
45.055380246523	3.35354140652768
43.9694401566719	3.70975709163623
44.8609558065004	6.0484834621255
45.8373464150183	-8.35403458167995
41.3273940627237	-0.392690505066824
18.1918633340197	5.02928399378261
27.7955651702173	-1.67294117647059
24.1514441624365	4.08163265306123
23.6979660714286	0.0
31.5972203342618	2.17575003627566
25.9593969230769	0.942726461831327
30.5527561343995	4.43363849623874
23.7828362712429	-2.58581649978665
26.6937762883914	-3.67642942893428
27.4856202419944	-1.69422024723235
25.5717958565802	3.7837208928099
24.6789076055627	2.06618820882574
25.9631355889374	1.09846663749369
27.1265032594345	-2.5834881422762
34.261803411132	1.2000000493378
34.4860324000827	-4.6000000255323
32.1187790600053	13.9299997889786
33.9555752157792	-8.27597831976949
25.4510119081043	3.5523140853476
27.5107781705941	4.07559546585034
29.6674963417643	4.17561205106279
32.2474466077299	4.64601436259409
23.3135833177914	-0.338235622387202
21.0660070666528	4.99962585407656
19.9179521587446	9.0438656074181
20.3471393454785	-0.589733954762579
19.7666739342535	5.81816614684824
21.9325612593611	7.10000010705836
27.6322264363496	-6.00000026352828
18.4425161310829	7.80000014541523
23.239565787011	3.00000022585525
29.1792912365375	4.79999983670831
32.4251035801551	7.5000001493726
51.9542957042957	7.39999973358189
52.5337629892465	6.59999995777716
59.5592506390136	7.79999965773833
60.7746432557048	6.10000039929173
73.0188685605433	2.10771608200733
67.5710143237735	1.63676957736662
73.9367835152858	-4.55775197583431
60.8440397174621	5.60224422064255
65.9653147370968	7.74488062024881
69.0997980938579	2.95271054338117
78.41832770873	1.14606213709108
51.2263215704569	5.52464523319847
47.0982656739638	3.49955709403216
43.6257434782389	3.74576940136258
41.2851314683307	5.68453936284732
46.3035380770239	3.44106776690418
49.5746100609743	7.7908200104027
53.6662965686373	3.19224973015831
48.4750786200092	3.73019737485745
72.6610029459905	5.48149036541776
76.6350609536734	4.36445074432608
84.1569664621914	2.37743572761507
101.390931763888	-1.21952250011192
78.8783415047574	2.31781394821475
81.3537163156048	3.48493202422782
78.5046092527536	2.63820737310658
92.242445572337	4.69699024225795
4.6675823557404	4.26417453763675
2.57186406129022	5.61471962254485
7.45061506273455	5.09133813864338
1.60694919254531	6.03924947955858
0.277603198530483	0.295970914001089
1.10133141237365	2.64981203780268
117.515261124236	5.37404415167634
39.9222686422289	4.838149614115
39.0485631284493	-2.3696206292072
31.7771473472895	6.65705543110467
33.8625212320188	4.81641464694573
43.799987249558	6.10463914373472
42.9786611378803	3.41156027980276
49.6869680346867	3.36461478056277
51.7646230480547	3.47918104829496
59.4156672858263	4.68260325152944
62.5881953798115	3.94503776051116
63.9354609821022	0.120143177369414
58.9891415877141	4.79989214255407
64.5733198414706	6.19999998192236
50.1080559619605	1.39425181563566
53.9638193955627	3.49638686458842
51.305380228031	4.53540565716095
45.7367082288191	-0.307246896026541
32.7713136024397	2.31747144034802
36.6067773375025	3.47058203866328
38.629234026174	3.37873219470765
41.3592419573932	3.77911068354334
42.9013651890488	3.69036908387233
43.8708941737301	3.82638491760299
46.4245970754158	2.58954199031598
51.5541055220579	2.36630664656174
48.0816617433301	2.09349621669912
34.7227798053528	1.45863634911349
31.8653341616565	-0.0374661120713
36.0132953366238	-1.01703846933975
36.9753526219646	3.05641638984955
42.9524894769889	2.77978059105617
44.1698490827743	3.35292760405062
43.8675166117793	4.08796484025709
48.2453384728239	4.72804204913962
32.7763842551838	4.71347767117496
55.0324216144747	4.2600880111325
85.1724489555373	-0.362028649856498
83.8357085312167	-1.24390713667657
78.0419162493333	-2.98950254798218
66.4155843165132	1.32685546630708
62.0056278289201	7.92010724472276
21.5280269043579	5.16816298235885
22.9112159302113	-2.55228103983089
26.8646997283355	1.65514876664869
25.5119664948813	5.09200624133297
32.3858558130148	-2.64326159533755
23.9561620586775	-6.53652076215215
23.2605058625389	-5.19490494373626
52.3812606028215	3.81088622906051
48.1888180948174	5.70758404238197
52.5838575050206	-0.511353418578196
48.6800956056364	-3.16743204434815
40.1543056202126	4.48051456942582
36.6742909998618	-0.279252284959952
32.685689411013	3.53461081750459
33.7401900962348	5.48957315278187
29.8753777382805	6.57835632304275
26.8946120001805	13.5437706216546
69.7344601261207	-0.158900533082658
68.2675567269125	-0.121288605564772
57.7415312557776	-2.49484199260023
35.2492265648321	13.3626240903125
34.7649150438361	-10.9333065010382
26.5266050304096	2.24063176875049
25.7290009576063	3.969351341365
24.7483395120072	2.51883544233135
23.7062564342415	3.95331871520767
22.865554469277	3.25224477218451
19.56538960172	2.38215737180541
18.3944203835345	5.85251821084928
19.2166594587652	6.13972470560435
20.7202165724133	6.32719240161117
23.6817913396941	8.33245910749577
26.4008658753596	1.0958236592427
26.076322347553	9.1265683014642
28.5288183926826	8.5183877690955
32.5394575436311	7.5288990440594
43.426338941462	6.34798748260867
47.1441818576352	6.75053130142255
49.1574552067049	6.89695171050985
48.8058481254572	3.85823282795663
50.1962414764938	7.33449996034538
52.4006931344165	1.44832306275669
52.4322709324654	4.34448730509183
51.5748916279875	6.51929155018938
58.7978739921016	5.31641682136939
65.7097431233166	4.94250511877678
71.6007252032252	6.56922851180626
71.1158091036307	5.08691113513073
64.715074553291	3.71625500158383
59.2614955783056	3.04923134463486
58.598433117411	4.38250500083399
18.5032227571465	4.08252481259281
19.2884758032917	-1.43588213859842
21.0287512612177	5.86649177292595
22.992021036968	-2.65365450102773
17.2760484379376	2.19807571335009
16.1685789853238	2.80724541059601
16.3253741158845	1.82579006401834
14.2417395793548	0.193690071260534
13.5407657768558	-1.97271922580408
11.2004612827286	0.736267221765672
9.06725564048848	1.75542214874298
8.55140859340356	4.02408615746921
8.64108194430582	4.30002918567749
9.09810564473106	4.49999999920672
8.69786633503919	-7.79999391271275
6.49528743788997	5.19996926404957
7.15843011658404	8.49997776916511
9.89107286046746	8.20006825456321
16.6608684477983	6.39996544799469
41.3527168644107	4.69999190914258
48.9836153351704	5.10005122572568
62.1488888669576	10.0000668136515
99.8703824062793	0.401934896977224
103.153573465904	7.89844145767604
95.1200992157321	13.8977895076234
98.3476214157992	-6.64791081780605
55.0853181002707	2.06568514732739
55.9404550948587	1.49390531817373
54.5934447738196	0.258265466328027
57.3280875334167	2.34440586055426
56.9302290727428	2.29150556129265
53.3245594404762	-0.702370500438988
54.0230135522152	-0.78397212543554
51.2177218791033	-7.04453441295546
44.8293754612433	-8.3147735708983
54.9724926638478	-5.47368421052632
46.6074007324324	-10.3209565764632
46.8685383304774	-0.500939261114581
47.4509601321227	7.10932260228034
47.7656117606838	3.83008356545962
39.3423254303621	2.42510699001426
31.9233677947788	4.5488441461596
26.5286653982985	3.87296669248644
12.7348281481481	0.310800310800303
174.684386535722	-2.72594626154864
175.596688403377	1.82140694115385
154.103642983248	4.10800021897151
149.289112306688	9.7568044629903
151.706326367087	-3.81470885510713
128.078092485423	1.30804118153127
110.689756336508	3.4519759658687
109.197026214998	4.47689915845876
108.854265917764	3.74757848792792
103.320839751929	2.97679931634806
99.6097986729595	3.93554027709007
99.4464888561159	4.81763099120676
107.828093624626	4.43549759378537
104.78518384861	6.21493416858989
101.449782417951	14.5197497108994
106.372468302322	0.127953382778088
96.4099647516113	1.86348345462035
77.2760743035509	9.02151951268893
82.8374805427534	9.00676607871758
94.9666937754733	7.36632239250758
101.779018993689	9.93998268434957
108.589983770079	4.54825542643229
106.332540928351	3.92336076702013
93.9363125102557	-1.07086275100448
83.842291725532	9.03831632555163
16.439440971058	-2.58448361755723
11.4639181326619	-3.38125925839405
7.74420412997056	1.74925244485951
7.68567032380197	2.74585244829055
8.40244987801104	3.07546176144591
6.25960695307261	5.55494348257992
6.7376311665869	1.67578612030815
8.72030492433418	1.18945509547778
10.1053266339754	5.23744704670068
11.5924176877251	2.46591837712438
13.9267708274456	7.43023752099302
43.3780260707635	2.71821202053759
47.306970368027	3.44719850031242
79.4469077095183	0.80610455095804
76.205442941881	2.05813661692193
74.0826080051444	4.85864865060148
75.7255090793216	-6.1689177146757
64.5892781351104	0.25993557687633
59.1023114070608	1.55678384721676
56.2597208390879	1.15794695181735
53.7387913884354	0.664552307858116
52.6511572360833	1.32186223678229
39.6390583837328	4.20000000067826
107.392919205272	2.46085796805582
109.021131387118	6.37031712129601
132.547539168518	6.68314420473001
138.955245532848	-10.9400706350371
111.293101240882	1.96117850841711
107.203121919581	2.39541124478878
106.577780516625	2.89604207865007
105.968137016467	2.91515598595787
104.513601500945	4.06086672473866
104.927837414283	1.52048593647231
91.8693310672975	-1.42732224757626
77.446159411603	-2.86511368637748
57.7899857640377	-0.639920636520344
49.9611949485467	0.0941223116369514
48.1994103860454	-3.76813306940053
35.7047178362371	0.767165748290694
31.7331273426985	3.53350013165972
35.7479971637415	4.04343515605099
40.2343199754081	3.5512255846125
43.4376841299849	3.1145314799161
45.4755013109904	2.9392895953076
50.1525230848091	2.75545611564098
51.9977631328672	3.91908880808811
56.4602218744994	5.20064125553942
73.5126591624451	4.20595547449241
68.5910423357715	6.3779788972687
68.3536165599981	4.05174633027869
66.747235367113	8.63218137662685
68.5257394056158	8.6694830119314
69.2530251841806	8.01596737055139
86.063491912486	3.53891205317842
84.9944169483341	6.79682611892866
88.6994841221229	7.66829190107919
90.6049131149854	6.24174804376447
102.328536698869	5.44506127885352
102.270712023476	5.9402690780223
105.524990754701	3.96467568513113
103.219274149885	-1.54540813366026
96.9040326453759	6.00003315828934
57.666394367293	7.57696602328922
67.1288453720016	5.72728087234704
96.9555960797348	-0.737636737448398
103.00959046712	1.61660730423688
104.877909576037	-0.0541942065330545
100.754350550575	-3.40474015376245
92.4815575039171	11.3170358267109
97.046322814295	0.600602326543751
84.6590647845878	3.15038119968223
92.3212291448103	9.73282070298016
90.828054331704	3.99634666125431
92.3085420315927	-3.93339486032939
79.2688095806907	1.36771507253633
45.8570272133998	0.330018546071486
43.3977023635892	-2.82889954830628
41.6345301264286	4.94932194028057
45.2980532065982	1.69161857433913
47.1957374440562	6.19525729141048
52.0352250489237	-0.410304726290235
49.5833333333333	7.2674088699471
48.5183795948987	4.26461148738223
50.0329218106996	0.416450493043214
40.0705394190871	-3.40806396189404
30.8776806989674	0.0487485535201131
53.6982398780635	-1.3781936056056
43.5145083072876	0.404640808638888
43.8571223188117	3.3229685982929
51.3164930897991	6.99692626758825
54.2704239409077	2.48855733938132
56.3132501150882	4.11469880444737
52.4828063154553	6.69133665352797
49.5534268859916	5.34212707436718
45.5115533057875	1.74823102028898
47.911890587105	1.63903190394467
19.8822985282172	0.683328174376044
17.5861857642239	3.04406102969423
19.9391907506215	5.55962020605844
20.8521076737596	-2.14173712008038
18.9542598066682	1.14198218965691
18.678118566674	2.86044579439036
20.2844118326667	1.36279965488859
19.3809926558719	2.06868969039562
20.4392949592688	1.64462750849488
20.611242786827	2.34988141500179
20.218157443689	1.79214400716117
21.3444959349686	1.17925385250513
21.1420070501854	1.81310830459596
20.9935662243333	3.24339715656356
21.7016373939593	-2.29737452570922
23.082653900009	2.8079835919566
23.655829446943	3.91637577227581
25.7683538859672	4.0736284178369
29.3971783222549	2.74969910618739
29.3653695166451	2.70170912949028
28.8028890808021	-0.0323984255438887
29.742984484904	-0.0732172569941127
24.7027735782155	1.57566198688916
25.7779061612304	3.95871990780931
79.804079881426	9.58083617842951
114.076117982873	8.32432449473859
61.1243613638526	2.01775095328327
60.349920189306	2.58037874709827
58.5114542035114	1.55216608426647
50.3227814999415	-6.05003846851622
38.6277055941279	2.11455779628278
37.9104188436045	4.22287028746071
37.3065204045664	3.43515771692182
36.6705695355179	3.13404724911635
35.3904739452699	0.984468863619426
38.1666950570794	2.68749556320556
28.4447160238828	7.24279620249642
28.1319763006874	0.840132083053334
26.9008455437265	7.51339053261624
26.7791952036446	-0.690618232300579
22.4502172623288	1.72569884866334
22.9934668319175	5.43515169050809
24.3806591494652	4.96781089246107
25.4581282780769	4.18763842884337
24.3963998008709	6.28934214285795
27.0460183720806	7.18924330340971
30.0703562721572	6.14903605210036
24.5783340358589	3.44424900968372
21.9645865139196	4.45524704335014
43.0808046891087	1.80618735341196
43.0541813775852	-0.285208794735084
48.2405761734079	0.527827266310538
45.6224781466791	3.2023165092282
49.3817801189399	6.59870436118344
51.114971793039	1.11374405685874
47.3558959748934	1.99053625497055
48.914577670051	0.393922530137331
15.928004235045	4.75420970092722
16.803206848237	13.2080586051735
42.5197543010178	4.21667711535632
42.4807224505219	-2.04663389535644
38.7660002963438	2.97113275066512
42.9297921509547	3.04345012371552
43.2877054340983	4.23778147502819
45.7824704950416	6.70952097453554
48.5639104645928	5.24409983246916
52.4205297222421	3.4865455430439
53.8375580931292	6.23579072222647
55.0213155722411	4.70239953285241
55.9344340024072	1.32255714828946
56.4678199732883	3.79627166202512
56.7212758294998	4.7099729138049
33.2548360254558	5.04512369812289
35.3300843740665	5.44122511322401
41.6375124693568	11.811094450607
41.0396523893444	1.80306247087255
33.4600744570718	1.30162365464503
29.3999927208091	3.46815306092219
29.5734179673603	7.82585730002594
30.075201418508	3.32366508200445
29.145145266046	5.80557386628684
31.1206735016751	4.60079447270559
31.7836465280795	8.48825689298511
37.6997174684634	4.80762696633448
39.9693425323809	10.9799625273598
45.1797411840038	8.54219848467686
48.4871401208098	-4.88269401706633
41.0318813015611	0.920118221365883
53.1469350748667	5.33697295511469
53.890283064004	4.58802192181773
51.3026623500196	3.53658034070898
44.1859143089924	2.95130642218098
38.4769453120331	6.43874503276439
34.6735709945694	6.30392378262997
58.7161850732326	-3.75281793983162
48.3272696003568	3.19950386354134
56.9059506749708	3.48836234022659
66.7346465062875	2.35997228099491
71.8095454494004	2.44098194492067
70.2588376218982	-9.7729872128676
63.6653191884884	-10.0788949840953
35.6313995863809	0.045439094492707
32.445911715199	0.152314967200653
26.4808201734686	5.44528081048476
28.8666366228354	4.09200436668087
23.9900342329063	-15.1364679101502
13.2299542095983	2.24349159628288
43.7297874273256	5.90000000024899
1.80326774795663	4.91847806719888
136.142431919028	0.271650048355255
138.215904304967	5.14970388522993
183.804848939919	8.5431118453255
194.682828796265	-10.047896637362
158.972569875821	1.25629899760824
156.766820519267	1.55133095078786
160.141177233502	3.02322219840339
155.581504971929	2.20652020635357
147.063146778865	2.14040560033371
149.584281299965	3.16017351468152
141.033172505075	1.71846961308464
146.371335905972	1.52826034721852
143.125971214621	0.851437739020326
130.497283454602	2.26054460931586
122.887383328898	-4.58740819226323
104.84023075526	-0.0494116727402769
93.3735852072108	2.93091133582351
91.788062892401	2.18982132415704
91.8639528693767	2.7906547174688
90.2045973945536	2.32601853325993
86.4073086616893	3.21851612669614
86.1686223366587	1.70902736258567
84.04178204707	2.39102229602824
87.284376049437	4.52438074810904
116.918808847311	2.88755600749487
114.694842004206	2.51237531986017
120.367733355153	6.05505293244555
126.370405951231	-2.16302914036166
100.979786328903	2.58382533412825
99.2223695206525	2.96650506901305
97.8800564031882	2.45762229852507
98.6931939368279	1.81945147788167
96.6110565851958	2.94555045484053
95.9491132711014	2.52381981363968
95.7184835504169	2.11783009790057
93.8330014607143	2.28911338669843
89.7347177439651	1.56440685763506
85.1548294082739	2.69519257744442
76.0321911124259	-2.57650022958367
63.9719356606883	0.113587249881704
55.81423486742	2.00385829784946
55.6206336286886	2.78453963650701
56.6929754702153	3.48354993555606
56.8323090866456	3.84777169556921
56.4292821179909	2.79560596320081
54.0472133861297	1.70044732643726
52.6288977430517	0.955538348341605
33.2676548646821	4.07758575682804
62.3670975853084	0.742128785315927
54.2372595323111	4.48622703072073
58.113052857752	5.84427312558179
60.4014181135621	-7.35732706484723
50.1314491818532	0.928351141267498
47.341475064134	0.164777608940113
45.0744196869827	1.74037643374211
46.4584676105582	1.68979822971775
47.2765585126953	0.370741257681345
41.2850007406183	3.23879122952364
40.0884943756463	4.63753862902416
41.0282347488741	3.53817872056869
43.2074168775786	5.16213302463606
42.4666388141691	7.8034096507169
47.6955014411912	4.24349419462426
55.8665794658295	7.17614466455107
57.5599818770038	6.54151084504817
68.4607045920176	4.09857735445401
76.1144597080025	7.4601321302473
85.425594123742	5.00416035564457
105.602780852245	0.805283915893824
95.2678607204109	-7.73200721540044
40.6433348596506	-3.84412995940374
72.3247537863113	2.093743250054
79.7735452170055	5.18622862422562
87.0720898262884	-1.55229489129462
71.4111761686383	6.23492204726448
103.54315235027	-2.78505506545167
61.9301173816653	1.44130602603785
59.7122211727371	4.03449389667165
52.2809418398754	3.52586277149926
46.4328935811391	3.75510031678988
49.4073473457883	2.92037511217961
44.3958675879332	4.69328316376705
24.2239941438767	5.05753695047252
23.4889192806696	7.59738104901994
18.0499093578444	5.56925219263019
17.3215114809658	10.2982233241213
