Fertility_rate	Human_Development_Index
7.576	0.285
7.631	0.291
7.703	0.301
7.761	0.311
7.767	0.305
7.767	0.329
7.757	0.334
7.732	0.338
7.693	0.338
7.641	0.347
7.566	0.351
7.453	0.355
7.32	0.383
7.174	0.392
7.018	0.408
6.858	0.417
6.686	0.426
6.508	0.442
6.392	0.446
6.295	0.458
6.195	0.465
6.094	0.474
5.985	0.484
5.879	0.492
5.77	0.497
5.652	0.496
5.542	0.495
5.433	0.496
5.327	0.498
5.238	0.507
5.145	0.501
5.039	0.486
4.932	0.495
4.84	0.496
5.163395	0.4245854
5.1212306	0.4292593
5.077554	0.43494922
5.0463595	0.44065332
5.024296	0.44817433
5.008381	0.461668
4.9844913	0.46813595
4.958	0.4750963
4.940453	0.49759457
4.901526	0.5021216
4.867296	0.513888
4.8215	0.52003187
4.7755494	0.5260907
4.719344	0.53123987
4.6693907	0.5367227
4.6089773	0.5425902
4.529488	0.5466387
4.464824	0.5504002
4.3739967	0.5558327
4.296659	0.56035364
4.2252116	0.5594648
4.1632905	0.56110394
4.1089277	0.5714846
4.0555434	0.5760591
3.014	0.654
2.956	0.638
2.885	0.622
2.811	0.624
2.798	0.629
2.762	0.638
2.666	0.647
2.535	0.645
2.425	0.659
2.313	0.671
2.217	0.682
2.141	0.691
2.002	0.697
2.006	0.705
1.889	0.71
1.787	0.723
1.686	0.732
1.633	0.742
1.616	0.749
1.638	0.756
1.653	0.769
1.677	0.781
1.719	0.79
1.741	0.793
1.721	0.797
1.631	0.797
1.555	0.797
1.486	0.798
1.415	0.801
1.395	0.805
1.371	0.794
1.365	0.794
1.355	0.806
1.348	0.81
4.509	0.595
4.366	0.596
4.274	0.601
4.076	0.603
3.914	0.603
3.487	0.608
3.139	0.615
2.886	0.624
2.691	0.634
2.62	0.643
2.59	0.651
2.519	0.659
2.429	0.669
2.451	0.677
2.5	0.685
2.562	0.692
2.628	0.698
2.704	0.704
2.785	0.711
2.825	0.714
2.875	0.718
2.899	0.718
2.996	0.723
2.997	0.727
3.084	0.732
3.091	0.737
3.091	0.743
3.09	0.746
3.019	0.749
2.997	0.753
2.94	0.742
2.87	0.755
2.817	0.761
2.766	0.763
1.273	0.825
1.305	0.832
1.265	0.838
1.18	0.84
1.229	0.849
1.224	0.842
1.234	0.851
1.189	0.859
1.25	0.864
1.208	0.866
1.275	0.87
1.321	0.875
1.26	0.876
1.142	0.862
1.168	0.866
1.223	0.869
1.184	0.872
1.129	0.873
1.053	0.875
1.045	0.876
1.028	0.851
1.058	0.871
1.071	0.893
1.082	0.913
6.683	0.379
6.639	0.391
6.601	0.401
6.567	0.417
6.533	0.435
6.499	0.448
6.461	0.463
6.419	0.475
6.372	0.492
6.32	0.504
6.26	0.517
6.194	0.528
6.12	0.545
6.039	0.557
5.953	0.567
5.864	0.577
5.774	0.603
5.686	0.609
5.6	0.61
5.519	0.611
5.442	0.611
5.371	0.61
5.304	0.609
5.209	0.615
5.124	0.616
1.86	0.827
2.042	0.83
2.006	0.827
1.785	0.828
1.746	0.828
1.655	0.833
1.537	0.835
1.526	0.837
1.567	0.839
1.458	0.842
1.485	0.845
1.371	0.85
1.468	0.851
1.569	0.84
1.58	0.843
1.58	0.848
1.578	0.851
3.034	0.733
3.012	0.739
2.987	0.743
2.966	0.748
2.935	0.753
2.864	0.754
2.781	0.76
2.706	0.768
2.662	0.772
2.643	0.783
2.591	0.789
2.531	0.795
2.493	0.795
2.451	0.804
2.43	0.808
2.426	0.812
2.4	0.822
2.37	0.825
2.432	0.833
2.4	0.835
2.411	0.844
2.393	0.852
2.304	0.85
2.335	0.852
2.386	0.855
2.35	0.859
2.241	0.857
2.168	0.861
2.067	0.861
1.882	0.861
1.601	0.851
1.585	0.847
1.482	0.858
1.5	0.865
2.708	0.663
2.643	0.652
2.499	0.618
2.286	0.621
2.084	0.625
2.067	0.631
2.06	0.635
1.9	0.644
1.81	0.655
1.534	0.661
1.47	0.667
1.402	0.672
1.405	0.682
1.473	0.692
1.491	0.7
1.492	0.711
1.494	0.725
1.519	0.739
1.541	0.743
1.574	0.741
1.588	0.747
1.615	0.752
1.647	0.761
1.669	0.766
1.663	0.772
1.621	0.777
1.625	0.783
1.561	0.785
1.567	0.789
1.601	0.796
1.619	0.761
1.71	0.786
1.719	0.801
1.714	0.811
2.5695436	0.569869
2.5166	0.5783103
2.4722686	0.5859656
2.4347458	0.5955544
2.4168901	0.6048904
2.3883328	0.61573684
2.3734071	0.6248776
2.3606493	0.63415104
2.3571732	0.64034575
2.3524115	0.64756656
2.322248	0.65679175
2.304195	0.66498727
2.334693	0.67128
2.285924	0.677284
2.2697752	0.68550044
2.2315912	0.6922845
2.2434218	0.6996885
2.2088583	0.7046988
2.119695	0.7085525
2.0758889	0.7126623
1.9732972	0.7130719
1.9256951	0.71319216
1.8948497	0.7262154
1.8792871	0.73009235
1.908	0.867
1.863	0.868
1.892	0.868
1.864	0.872
1.852	0.873
1.825	0.882
1.804	0.884
1.783	0.887
1.765	0.891
1.764	0.893
1.764	0.897
1.738	0.9
1.765	0.902
1.764	0.906
1.784	0.91
1.849	0.914
1.882	0.917
1.991	0.919
2.02	0.924
1.972	0.927
1.948	0.929
1.922	0.933
1.931	0.938
1.883	0.935
1.805	0.937
1.803	0.938
1.792	0.939
1.745	0.94
1.743	0.945
1.666	0.947
1.593	0.95
1.647	0.954
1.638	0.952
1.638	0.958
1.467	0.832
1.516	0.835
1.516	0.841
1.512	0.845
1.474	0.851
1.431	0.856
1.448	0.861
1.395	0.865
1.371	0.87
1.344	0.874
1.364	0.879
1.331	0.883
1.389	0.887
1.373	0.889
1.415	0.895
1.406	0.898
1.404	0.902
1.381	0.905
1.411	0.907
1.393	0.907
1.44	0.912
1.43	0.915
1.44	0.916
1.436	0.915
1.464	0.919
1.492	0.919
1.531	0.921
1.521	0.922
1.479	0.925
1.464	0.928
1.439	0.925
1.469	0.93
1.41	0.927
1.317	0.93
2.193	0.618
1.977	0.622
2.018	0.626
1.848	0.636
1.716	0.646
1.698	0.652
1.589	0.66
1.577	0.669
1.591	0.676
1.965	0.682
1.982	0.692
2.019	0.711
1.968	0.72
1.904	0.731
1.821	0.74
1.924	0.744
1.98	0.746
2.142	0.751
2.148	0.757
2.131	0.766
2.092	0.771
2.032	0.772
1.961	0.774
1.905	0.775
1.845	0.78
1.764	0.757
1.71	0.765
1.687	0.784
1.67	0.789
2.52	0.762
2.51	0.762
2.71	0.762
2.61	0.763
2.472	0.765
2.419	0.774
2.353	0.779
2.293	0.773
2.232	0.777
2.134	0.783
2.06	0.787
2.02	0.79
1.984	0.793
1.971	0.794
1.98	0.795
2.008	0.798
2.019	0.8
2.035	0.801
1.999	0.801
2.011	0.8
1.837	0.801
1.791	0.802
1.761	0.805
1.738	0.805
1.687	0.807
1.574	0.807
1.495	0.808
1.424	0.81
1.404	0.812
1.397	0.8
1.386	0.797
1.382	0.794
1.379	0.818
1.373	0.82
3.817	0.734
3.625	0.728
3.548	0.728
3.461	0.732
3.291	0.732
3.128	0.737
2.986	0.741
2.924	0.746
2.889	0.754
2.899	0.761
2.798	0.775
2.653	0.785
2.699	0.791
2.778	0.799
2.774	0.795
2.67	0.791
2.464	0.795
2.282	0.8
2.152	0.804
2.047	0.804
1.987	0.81
2.025	0.817
2.11	0.833
2.166	0.846
2.149	0.847
2.113	0.868
2.042	0.871
1.984	0.874
1.911	0.886
1.843	0.894
1.86	0.885
1.852	0.885
1.839	0.902
1.824	0.899
4.506	0.397
4.261	0.395
4.027	0.411
3.832	0.419
3.737	0.426
3.588	0.434
3.505	0.442
3.502	0.451
3.427	0.459
3.357	0.468
3.279	0.477
3.203	0.486
3.126	0.494
3.029	0.503
2.94	0.511
2.846	0.52
2.755	0.527
2.666	0.534
2.577	0.538
2.484	0.551
2.38	0.561
2.309	0.572
2.263	0.583
2.247	0.589
2.228	0.6
2.227	0.621
2.227	0.632
2.205	0.633
2.193	0.646
2.18	0.656
2.175	0.663
2.173	0.663
2.179	0.68
2.163	0.685
1.842	0.73
1.838	0.732
1.804	0.732
1.769	0.735
1.733	0.74
1.704	0.744
1.673	0.748
1.645	0.752
1.62	0.754
1.779	0.756
1.933	0.762
1.955	0.763
1.862	0.767
1.856	0.771
1.797	0.775
1.738	0.779
1.702	0.783
1.755	0.79
1.756	0.794
1.77	0.798
1.785	0.797
1.758	0.794
1.731	0.797
1.729	0.798
1.727	0.799
1.726	0.8
1.724	0.803
1.724	0.804
1.72	0.806
1.715	0.808
1.708	0.803
1.709	0.803
1.712	0.807
1.708	0.811
1.369	0.692
1.307	0.697
1.223	0.704
1.268	0.709
1.263	0.716
1.272	0.724
1.241	0.731
1.202	0.738
1.192	0.747
1.196	0.758
1.221	0.767
1.305	0.777
1.394	0.786
1.449	0.796
1.481	0.798
1.478	0.803
1.524	0.812
1.623	0.818
1.673	0.821
1.702	0.825
1.728	0.825
1.727	0.825
1.55	0.828
1.457	0.827
1.389	0.826
1.369	0.815
1.371	0.817
1.326	0.824
1.208	0.824
1.625	0.824
1.656	0.829
1.648	0.845
1.606	0.86
1.563	0.868
1.564	0.875
1.591	0.881
1.603	0.884
1.594	0.886
1.614	0.889
1.663	0.894
1.666	0.899
1.645	0.901
1.665	0.903
1.719	0.909
1.754	0.911
1.794	0.913
1.813	0.916
1.846	0.917
1.835	0.919
1.849	0.921
1.805	0.923
1.784	0.923
1.748	0.925
1.733	0.93
1.69	0.933
1.675	0.936
1.641	0.94
1.616	0.942
1.609	0.945
1.575	0.939
1.599	0.948
1.547	0.945
1.379	0.951
4.802	0.617
4.595	0.626
4.429	0.634
4.206	0.64
3.973	0.643
3.876	0.647
3.755	0.65
3.737	0.654
3.752	0.657
3.726	0.664
3.633	0.671
3.526	0.676
3.43	0.686
3.335	0.696
3.252	0.703
3.173	0.7
3.021	0.713
2.885	0.718
2.78	0.72
2.659	0.724
2.552	0.727
2.531	0.725
2.51	0.727
2.498	0.724
2.474	0.721
2.433	0.721
2.396	0.727
2.368	0.722
2.343	0.723
2.142	0.725
2.04	0.713
1.837	0.713
1.949	0.717
2.007	0.721
6.741	0.351
6.666	0.358
6.593	0.363
6.51	0.371
6.419	0.375
6.33	0.383
6.279	0.389
6.23	0.396
6.136	0.401
6.032	0.407
5.937	0.415
5.848	0.426
5.793	0.435
5.763	0.442
5.718	0.449
5.692	0.456
5.673	0.462
5.627	0.469
5.548	0.475
5.491	0.48
5.452	0.485
5.436	0.49
5.429	0.497
5.41	0.506
5.374	0.509
5.32	0.511
5.254	0.51
5.155	0.507
5.031	0.507
4.9	0.507
4.795	0.504
4.707	0.506
4.634	0.512
4.556	0.515
2.252	0.593
2.155	0.603
2.068	0.609
2	0.616
1.923	0.626
1.835	0.637
1.738	0.647
1.621	0.656
1.517	0.667
1.448	0.68
1.502	0.688
1.488	0.691
1.478	0.695
1.462	0.698
4.9	0.552
4.846	0.561
4.713	0.568
4.592	0.577
4.494	0.586
4.409	0.594
4.336	0.602
4.219	0.61
4.149	0.618
4.09	0.624
3.991	0.63
3.89	0.639
3.802	0.642
3.721	0.645
3.633	0.648
3.558	0.658
3.533	0.656
3.447	0.664
3.364	0.668
3.287	0.671
3.213	0.677
3.143	0.683
3.076	0.685
3.01	0.699
2.947	0.701
2.886	0.704
2.829	0.714
2.777	0.715
2.73	0.722
2.688	0.728
2.651	0.697
2.618	0.693
2.584	0.727
2.547	0.733
1.282	0.674
1.23	0.677
1.231	0.683
1.219	0.689
1.221	0.694
1.203	0.698
1.18	0.701
1.19	0.709
1.21	0.719
1.267	0.722
1.26	0.725
1.209	0.731
1.252	0.742
1.278	0.756
1.262	0.765
1.322	0.769
1.36	0.776
1.419	0.78
1.504	0.785
1.509	0.788
1.515	0.783
1.49	0.783
1.481	0.799
1.486	0.804
4.509	0.59
4.365	0.59
4.255	0.589
4.152	0.588
4.021	0.58
3.792	0.583
3.573	0.584
3.431	0.587
3.362	0.588
3.313	0.592
3.294	0.594
3.248	0.595
3.175	0.594
3.106	0.602
3.063	0.608
3.082	0.616
3.114	0.627
3.127	0.64
3.131	0.645
3.133	0.644
3.135	0.652
3.103	0.661
3.07	0.667
3.045	0.676
3.027	0.685
3.008	0.69
2.99	0.696
2.969	0.704
2.941	0.71
2.906	0.718
2.861	0.718
2.827	0.7
2.785	0.729
2.732	0.731
2.896	0.641
2.805	0.645
2.71	0.648
2.66	0.654
2.603	0.659
2.567	0.666
2.511	0.671
2.468	0.676
2.418	0.68
2.335	0.684
2.247	0.69
2.162	0.694
2.081	0.7
2.006	0.705
1.973	0.712
1.942	0.718
1.896	0.725
1.854	0.732
1.815	0.739
1.799	0.742
1.786	0.748
1.777	0.753
1.766	0.758
1.761	0.762
1.775	0.765
1.777	0.764
1.727	0.765
1.74	0.77
1.744	0.774
1.705	0.776
1.653	0.77
1.638	0.768
1.629	0.78
1.619	0.786
3.29	0.781
3.206	0.782
3.111	0.782
3.007	0.783
2.901	0.782
2.787	0.784
2.681	0.784
2.6	0.785
2.533	0.785
2.461	0.79
2.398	0.792
2.337	0.794
2.264	0.798
2.185	0.804
2.104	0.81
2.024	0.814
1.969	0.819
1.933	0.822
1.918	0.824
1.921	0.828
1.937	0.83
1.957	0.834
1.973	0.841
1.978	0.842
1.969	0.841
1.947	0.839
1.915	0.838
1.881	0.837
1.848	0.837
1.819	0.835
1.796	0.836
1.778	0.835
1.764	0.825
1.747	0.837
1.795	0.706
1.647	0.706
1.538	0.709
1.46	0.711
1.371	0.713
1.247	0.709
1.237	0.718
1.113	0.713
1.136	0.723
1.257	0.728
1.29	0.733
1.228	0.742
1.224	0.753
1.254	0.762
1.317	0.769
1.358	0.775
1.431	0.779
1.481	0.785
1.552	0.791
1.642	0.793
1.567	0.799
1.505	0.803
1.5	0.807
1.482	0.815
1.53	0.819
1.528	0.824
1.541	0.827
1.557	0.829
1.558	0.832
1.58	0.835
1.557	0.826
1.586	0.817
1.767	0.835
1.749	0.845
6.182	0.333
6.17	0.34
6.11	0.344
6.05	0.357
5.992	0.366
5.936	0.377
5.869	0.389
5.793	0.398
5.697	0.405
5.595	0.409
5.478	0.419
5.331	0.427
5.17	0.438
4.921	0.449
4.681	0.453
4.44	0.453
4.361	0.454
4.275	0.457
4.186	0.459
7.365	0.294
7.336	0.296
7.301	0.294
7.272	0.265
7.23	0.298
7.184	0.294
7.123	0.292
7.04	0.297
6.958	0.303
6.897	0.306
6.872	0.308
6.849	0.311
6.819	0.324
6.785	0.332
6.746	0.344
6.708	0.352
6.659	0.376
6.588	0.389
6.515	0.401
6.409	0.409
6.26	0.416
6.108	0.42
5.991	0.425
5.889	0.428
5.794	0.431
5.695	0.432
5.587	0.436
5.481	0.434
5.38	0.434
5.271	0.435
5.177	0.435
5.078	0.435
4.98	0.437
4.878	0.439
5.642	0.387
5.588	0.392
5.486	0.396
5.433	0.399
5.281	0.4
5.076	0.404
4.867	0.408
4.395	0.414
4.13	0.419
3.933	0.429
3.794	0.438
3.687	0.453
3.57	0.473
3.429	0.488
3.307	0.502
3.238	0.514
3.175	0.525
3.13	0.534
3.048	0.539
2.971	0.539
2.859	0.543
2.782	0.547
2.751	0.551
2.742	0.554
2.734	0.557
2.729	0.562
2.725	0.57
2.719	0.578
2.724	0.586
2.725	0.593
2.699	0.595
2.664	0.594
2.616	0.602
2.579	0.606
6.362	0.448
6.324	0.445
6.256	0.442
6.155	0.436
6.043	0.434
5.919	0.433
5.795	0.432
5.706	0.432
5.656	0.433
5.604	0.434
5.514	0.439
5.441	0.458
5.435	0.458
5.432	0.465
5.436	0.47
5.421	0.472
5.369	0.473
5.343	0.485
5.294	0.501
5.236	0.516
5.154	0.529
5.052	0.538
4.982	0.549
4.905	0.558
4.844	0.566
4.841	0.575
4.842	0.579
4.804	0.581
4.74	0.582
4.651	0.582
4.557	0.579
4.468	0.574
4.397	0.581
4.322	0.588
1.696	0.865
1.723	0.868
1.719	0.873
1.693	0.871
1.693	0.877
1.674	0.881
1.63	0.884
1.569	0.884
1.553	0.883
1.541	0.888
1.51	0.894
1.531	0.897
1.513	0.899
1.535	0.902
1.545	0.906
1.566	0.909
1.612	0.913
1.656	0.914
1.684	0.916
1.675	0.915
1.642	0.918
1.627	0.921
1.627	0.927
1.612	0.93
1.614	0.932
1.601	0.932
1.59	0.933
1.548	0.935
1.51	0.935
1.476	0.937
1.413	0.931
1.43	0.937
1.366	0.935
1.349	0.939
3.545	0.585
3.366	0.591
3.192	0.6
3.033	0.606
2.9	0.61
2.726	0.616
2.555	0.631
2.409	0.636
2.298	0.643
2.246	0.644
2.329	0.648
2.329	0.654
2.153	0.655
2.067	0.66
2.031	0.659
1.968	0.658
1.966	0.661
1.93	0.663
1.804	0.663
1.698	0.667
1.591	0.647
1.554	0.651
1.533	0.664
1.522	0.668
6.049	0.342
6.03	0.336
5.964	0.321
5.926	0.321
5.919	0.323
5.943	0.326
5.963	0.323
5.924	0.325
5.889	0.328
5.875	0.332
5.851	0.333
5.807	0.335
5.785	0.337
5.799	0.338
5.784	0.342
5.812	0.346
5.84	0.35
5.867	0.356
5.902	0.362
5.963	0.358
6.009	0.377
6.047	0.385
6.075	0.359
6.099	0.319
6.126	0.377
6.126	0.376
6.127	0.356
6.108	0.391
6.09	0.279
6.059	0.386
6.052	0.339
6.012	0.414
7.249	0.303
7.231	0.313
7.201	0.32
7.179	0.32
7.16	0.338
7.134	0.339
7.118	0.339
7.092	0.35
7.063	0.354
7.021	0.369
6.99	0.375
6.948	0.384
6.905	0.391
6.839	0.396
6.781	0.401
6.706	0.396
6.623	0.396
6.537	0.397
6.464	0.402
6.412	0.406
6.346	0.408
6.255	0.408
6.215	0.414
6.12	0.416
2.579	0.718
2.558	0.723
2.478	0.73
2.43	0.725
2.377	0.73
2.353	0.739
2.284	0.745
2.202	0.752
2.149	0.759
2.074	0.766
2.046	0.771
2.007	0.778
1.934	0.784
1.885	0.789
1.844	0.797
1.825	0.804
1.798	0.804
1.826	0.812
1.85	0.82
1.855	0.819
1.844	0.823
1.823	0.823
1.798	0.832
1.786	0.845
1.774	0.849
1.737	0.855
1.686	0.859
1.563	0.862
1.543	0.866
1.43	0.867
1.307	0.856
1.176	0.865
1.255	0.869
1.167	0.878
2.514	0.491
1.934	0.499
1.776	0.511
1.691	0.522
1.628	0.532
1.588	0.543
1.554	0.555
1.527	0.566
1.522	0.576
1.53	0.587
1.628	0.598
1.563	0.608
1.566	0.619
1.57	0.63
1.605	0.642
1.624	0.654
1.644	0.666
1.666	0.68
1.701	0.689
1.714	0.7
1.687	0.71
1.668	0.717
1.798	0.725
1.714	0.733
1.769	0.742
1.67	0.75
1.772	0.758
1.795	0.765
1.539	0.774
1.496	0.781
1.236	0.786
1.117	0.794
1.034	0.796
0.999	0.797
2.995	0.623
2.982	0.63
2.983	0.639
2.978	0.645
2.937	0.65
2.85	0.655
2.768	0.663
2.743	0.67
2.717	0.676
2.637	0.673
2.574	0.679
2.522	0.681
2.489	0.684
2.45	0.691
2.384	0.699
2.309	0.711
2.241	0.712
2.195	0.724
2.155	0.731
2.096	0.736
2.01	0.741
1.938	0.747
1.899	0.748
1.86	0.76
1.822	0.763
1.771	0.767
1.719	0.772
1.717	0.774
1.715	0.775
1.71	0.777
1.694	0.764
1.68	0.762
1.663	0.782
1.645	0.788
5.227	0.461
5.195	0.47
5.155	0.477
5.115	0.485
5.065	0.492
5.012	0.499
4.934	0.506
4.859	0.512
4.805	0.519
4.778	0.526
4.755	0.534
4.722	0.541
4.652	0.548
4.572	0.556
4.489	0.56
4.42	0.565
4.348	0.571
4.278	0.577
4.208	0.584
4.138	0.589
4.071	0.592
3.999	0.594
3.935	0.602
3.878	0.603
5.266	0.573
5.221	0.571
5.177	0.572
5.134	0.566
5.103	0.561
5.068	0.551
5.033	0.55
4.997	0.516
4.909	0.542
4.805	0.544
4.724	0.545
4.67	0.55
4.697	0.552
4.696	0.553
4.69	0.557
4.669	0.569
4.651	0.582
4.649	0.583
4.726	0.591
4.808	0.602
4.851	0.609
4.826	0.613
4.785	0.624
4.731	0.63
4.665	0.639
4.607	0.643
4.546	0.64
4.496	0.635
4.442	0.64
4.38	0.634
4.329	0.643
4.28	0.643
4.215	0.644
4.157	0.649
3.167	0.677
3.075	0.682
3.001	0.691
2.928	0.696
2.857	0.701
2.779	0.706
2.681	0.707
2.589	0.712
2.527	0.714
2.481	0.717
2.413	0.72
2.312	0.726
2.162	0.73
2.084	0.736
2.028	0.741
2.038	0.748
1.937	0.755
1.954	0.76
1.98	0.769
1.953	0.773
1.827	0.776
1.877	0.783
1.851	0.789
1.779	0.795
1.8	0.802
1.797	0.803
1.746	0.805
1.714	0.809
1.706	0.813
1.6	0.821
1.448	0.819
1.353	0.817
1.335	0.823
1.33	0.833
6.719	0.389
6.585	0.39
6.426	0.392
6.27	0.393
6.128	0.396
6.038	0.399
5.954	0.403
5.902	0.409
5.854	0.413
5.805	0.416
5.773	0.419
5.704	0.422
5.641	0.424
5.572	0.425
5.527	0.43
5.499	0.435
5.448	0.44
5.403	0.445
5.357	0.452
5.332	0.458
5.292	0.465
5.244	0.469
5.19	0.478
5.135	0.487
5.071	0.511
4.97	0.519
4.873	0.53
4.757	0.539
4.596	0.545
4.523	0.552
4.461	0.553
4.411	0.557
4.349	0.565
4.283	0.582
1.579	0.713
1.675	0.725
1.685	0.734
1.499	0.744
1.438	0.753
1.423	0.769
1.458	0.785
1.428	0.792
1.412	0.798
1.419	0.807
1.506	0.814
1.469	0.819
1.487	0.825
1.555	0.827
1.588	0.826
1.551	0.831
1.485	0.836
1.516	0.839
1.461	0.846
1.461	0.848
1.403	0.852
1.427	0.856
1.423	0.862
1.472	0.867
1.47	0.872
1.484	0.867
1.624	0.876
1.53	0.886
1.468	0.889
1.806	0.687
1.663	0.681
1.562	0.674
1.489	0.665
1.467	0.662
1.481	0.664
1.457	0.675
1.59	0.679
1.617	0.683
1.64	0.69
1.608	0.697
1.595	0.705
1.645	0.711
1.627	0.721
1.546	0.734
1.486	0.747
1.402	0.766
1.436	0.78
1.576	0.788
1.678	0.788
1.673	0.783
1.734	0.781
1.668	0.777
1.678	0.771
1.655	0.77
1.685	0.769
1.6	0.767
1.585	0.767
1.607	0.769
1.54	0.769
1.489	0.762
1.427	0.745
1.412	0.764
1.439	0.762
2.402	0.749
2.34	0.754
2.459	0.761
2.247	0.764
2.163	0.771
2.032	0.777
1.953	0.782
1.86	0.788
1.761	0.798
1.672	0.802
1.638	0.808
1.566	0.815
1.497	0.827
1.505	0.835
1.512	0.84
1.479	0.844
1.509	0.85
1.449	0.855
1.479	0.862
1.475	0.867
1.434	0.869
1.36	0.872
1.382	0.872
1.304	0.873
1.312	0.875
1.323	0.882
1.357	0.888
1.323	0.897
1.319	0.902
1.33	0.907
1.361	0.905
1.392	0.907
1.393	0.908
1.389	0.913
1.885	0.753
1.841	0.751
1.708	0.752
1.652	0.76
1.436	0.771
1.275	0.781
1.185	0.793
1.171	0.797
1.156	0.802
1.136	0.806
1.146	0.817
1.146	0.828
1.167	0.835
1.176	0.842
1.225	0.848
1.281	0.856
1.333	0.864
1.441	0.87
1.508	0.873
1.51	0.875
1.509	0.88
1.427	0.883
1.447	0.885
1.455	0.892
1.526	0.898
1.589	0.9
1.652	0.902
1.715	0.904
1.744	0.901
1.753	0.903
1.763	0.898
1.823	0.901
1.618	0.911
1.448	0.915
6.649	0.388
6.645	0.389
6.639	0.387
6.641	0.385
6.643	0.382
6.676	0.385
6.672	0.386
6.69	0.388
6.7	0.385
6.692	0.383
6.702	0.391
6.663	0.389
6.606	0.392
6.549	0.398
6.53	0.403
6.526	0.408
6.547	0.413
6.559	0.417
6.58	0.426
6.591	0.431
6.587	0.44
6.582	0.447
6.559	0.451
6.527	0.456
6.483	0.467
6.437	0.477
6.392	0.487
6.349	0.491
6.302	0.497
6.253	0.501
6.206	0.506
6.156	0.508
6.106	0.514
6.051	0.522
1.664	0.844
1.685	0.848
1.755	0.85
1.75	0.853
1.801	0.859
1.801	0.862
1.751	0.87
1.749	0.876
1.723	0.883
1.734	0.894
1.765	0.896
1.742	0.902
1.726	0.902
1.756	0.907
1.779	0.912
1.798	0.917
1.841	0.917
1.842	0.918
1.88	0.922
1.84	0.915
1.858	0.92
1.754	0.934
1.723	0.938
1.67	0.941
1.688	0.939
1.712	0.943
1.775	0.951
1.749	0.951
1.726	0.95
1.698	0.953
1.678	0.954
1.73	0.958
1.559	0.959
1.511	0.962
5.331	0.318
5.149	0.32
4.966	0.324
4.795	0.327
4.687	0.333
4.601	0.337
4.518	0.342
4.41	0.349
4.296	0.36
4.162	0.368
4.035	0.375
3.899	0.385
3.756	0.392
3.621	0.4
3.521	0.411
3.431	0.421
3.341	0.432
3.255	0.442
3.187	0.45
3.116	0.459
3.041	0.469
2.969	0.477
2.916	0.484
2.858	0.492
2.798	0.497
2.745	0.499
2.699	0.501
2.653	0.51
2.609	0.513
2.346	0.721
2.399	0.725
2.16	0.724
2.075	0.728
2.023	0.73
1.998	0.732
2.074	0.737
2.022	0.74
1.968	0.745
1.918	0.746
1.887	0.747
1.861	0.745
1.827	0.745
1.778	0.745
1.713	0.748
1.648	0.741
1.581	0.751
1.54	0.735
1.517	0.755
1.504	0.758
1.495	0.753
1.484	0.749
1.482	0.759
1.484	0.761
3.411	0.589
3.349	0.594
3.287	0.604
3.226	0.611
3.163	0.617
3.101	0.624
3.04	0.631
2.922	0.639
2.835	0.645
2.846	0.652
2.869	0.658
2.827	0.663
2.764	0.668
2.703	0.67
2.641	0.673
2.574	0.683
2.508	0.691
2.51	0.698
2.546	0.704
2.574	0.707
2.556	0.715
2.527	0.721
2.497	0.727
2.474	0.731
2.451	0.737
2.43	0.747
2.41	0.766
2.398	0.77
2.397	0.773
2.366	0.771
2.329	0.767
2.294	0.762
2.267	0.778
2.243	0.776
5.934	0.507
5.918	0.521
5.899	0.534
5.846	0.534
5.741	0.547
5.611	0.564
5.474	0.588
5.333	0.609
5.171	0.634
4.994	0.631
4.816	0.645
4.614	0.655
4.404	0.65
4.208	0.646
3.999	0.637
3.779	0.628
3.582	0.618
3.399	0.621
3.244	0.624
3.116	0.642
3.011	0.65
2.892	0.644
2.801	0.633
2.707	0.634
3.68	0.646
3.633	0.649
3.575	0.654
3.491	0.66
3.42	0.667
3.381	0.672
3.351	0.677
3.288	0.682
3.228	0.684
3.166	0.682
3.102	0.683
3.037	0.691
2.972	0.698
2.911	0.703
2.853	0.709
2.8	0.714
2.753	0.718
2.704	0.722
2.688	0.729
2.678	0.731
2.615	0.737
2.605	0.743
2.509	0.75
2.362	0.755
2.274	0.76
2.209	0.764
2.122	0.761
2.128	0.764
2.111	0.767
2.035	0.765
1.967	0.74
1.909	0.753
1.861	0.773
1.823	0.777
4.512	0.572
4.315	0.578
4.149	0.586
3.993	0.593
3.865	0.601
3.764	0.609
3.7	0.617
3.682	0.623
3.681	0.629
3.599	0.634
3.505	0.639
3.46	0.642
3.412	0.643
3.352	0.643
3.283	0.645
3.254	0.648
3.223	0.651
3.237	0.658
3.238	0.665
3.259	0.671
3.296	0.677
3.311	0.68
3.4	0.689
3.49	0.695
3.49	0.699
3.5	0.706
3.35	0.713
3.31	0.72
3.02	0.728
2.87	0.736
2.85	0.736
2.75	0.738
2.75	0.751
2.75	0.754
3.964	0.523
3.889	0.529
3.802	0.538
3.691	0.548
3.613	0.558
3.568	0.567
3.482	0.576
3.377	0.586
3.342	0.594
3.217	0.598
3.076	0.607
2.93	0.612
2.775	0.621
2.636	0.628
2.516	0.636
2.44	0.642
2.395	0.647
2.354	0.653
2.291	0.653
2.261	0.653
2.239	0.66
2.224	0.662
2.187	0.666
2.154	0.668
2.126	0.668
2.067	0.667
1.965	0.666
1.896	0.665
1.849	0.67
1.838	0.67
1.819	0.66
1.803	0.663
1.785	0.674
1.775	0.678
5.834	0.508
5.785	0.521
5.731	0.536
5.675	0.541
5.618	0.552
5.559	0.566
5.498	0.591
5.433	0.603
5.363	0.613
5.288	0.615
5.209	0.612
5.126	0.624
5.04	0.635
4.952	0.644
4.863	0.652
4.774	0.656
4.686	0.659
4.599	0.661
4.513	0.663
4.429	0.667
4.346	0.668
4.266	0.671
4.17	0.677
4.081	0.674
4.934	0.474
4.881	0.473
4.812	0.472
4.737	0.457
4.656	0.462
4.571	0.465
4.486	0.48
4.407	0.483
4.335	0.479
4.273	0.497
4.217	0.48
4.164	0.485
4.112	0.48
4.056	0.49
3.997	0.495
3.933	0.495
3.867	0.496
3.786	0.499
3.713	0.503
2.042	0.738
1.802	0.734
1.697	0.722
1.486	0.713
1.41	0.711
1.372	0.725
1.361	0.746
1.306	0.759
1.272	0.767
1.293	0.776
1.347	0.793
1.315	0.802
1.353	0.813
1.365	0.824
1.465	0.834
1.515	0.847
1.583	0.855
1.685	0.859
1.719	0.864
1.701	0.863
1.716	0.868
1.616	0.877
1.561	0.88
1.524	0.887
1.543	0.885
1.58	0.888
1.603	0.89
1.596	0.894
1.67	0.897
1.661	0.901
1.588	0.901
1.594	0.899
1.41	0.902
1.35	0.905
5.295	0.57
5.132	0.565
4.981	0.558
4.815	0.55
4.662	0.543
4.523	0.54
4.378	0.532
4.235	0.523
4.125	0.511
4.089	0.504
4.03	0.493
3.944	0.484
3.854	0.473
3.796	0.469
3.76	0.467
3.704	0.472
3.632	0.485
3.58	0.497
3.567	0.507
3.504	0.519
3.375	0.534
3.317	0.545
3.266	0.562
3.237	0.578
3.181	0.592
3.122	0.607
3.068	0.619
3.018	0.631
2.971	0.643
2.925	0.653
2.888	0.657
2.841	0.658
2.801	0.695
2.753	0.695
6.654	0.293
6.579	0.307
6.499	0.314
6.4	0.317
6.301	0.331
6.194	0.35
6.047	0.366
5.887	0.383
5.695	0.398
5.488	0.405
5.282	0.415
5.08	0.425
4.887	0.433
4.708	0.441
4.605	0.449
4.529	0.456
4.473	0.463
4.401	0.47
4.371	0.476
4.347	0.482
4.274	0.486
4.177	0.487
4.082	0.494
3.989	0.497
1.4503926	0.7735119
1.4373416	0.7801411
1.4227575	0.7872637
1.4145938	0.7928959
1.3943344	0.7974899
1.4059267	0.8080217
1.3970999	0.81529015
1.4109023	0.8208476
1.4374725	0.8275237
1.4613155	0.83400583
1.4586754	0.84263706
1.490514	0.848911
1.5324144	0.8548727
1.5916001	0.8590917
1.6004827	0.8599548
1.6074091	0.8645471
1.5890231	0.87022907
1.6152736	0.87196416
1.5930252	0.87687457
1.6093224	0.87929887
1.6050227	0.88032347
1.6117015	0.8832819
1.5564429	0.8861951
1.520992	0.88933504
1.485068	0.89306754
1.4641871	0.8829021
1.4710877	0.88542944
1.409226	0.89101297
1.3921242	0.89665455
3.386	0.629
3.365	0.633
3.331	0.637
3.293	0.642
3.258	0.648
3.251	0.653
3.248	0.657
3.188	0.658
3.118	0.66
3.051	0.667
2.992	0.668
2.973	0.67
2.968	0.67
2.957	0.673
2.941	0.679
2.917	0.681
2.905	0.684
2.872	0.686
2.819	0.69
2.76	0.693
2.696	0.697
2.631	0.701
2.612	0.698
2.604	0.708
2.591	0.712
2.567	0.715
2.518	0.719
2.461	0.725
2.419	0.728
2.385	0.727
2.357	0.718
2.332	0.705
2.305	0.726
2.281	0.731
1.776	0.823
1.794	0.827
1.84	0.833
1.815	0.838
1.839	0.85
1.805	0.856
1.772	0.863
1.742	0.871
1.702	0.88
1.729	0.889
1.726	0.898
1.722	0.908
1.718	0.912
1.756	0.915
1.795	0.911
1.801	0.914
1.832	0.917
1.828	0.92
1.843	0.921
1.86	0.916
1.863	0.92
1.826	0.924
1.797	0.924
1.745	0.934
1.706	0.936
1.645	0.938
1.565	0.94
1.487	0.942
1.407	0.945
1.351	0.947
1.374	0.947
1.461	0.949
1.318	0.946
1.28	0.948
1.782	0.798
1.773	0.807
1.735	0.814
1.661	0.818
1.665	0.832
1.718	0.837
1.74	0.842
1.73	0.847
1.764	0.851
1.793	0.856
1.876	0.852
1.879	0.855
1.865	0.858
1.873	0.862
1.898	0.869
1.916	0.877
1.974	0.881
1.952	0.884
1.987	0.884
1.99	0.883
2.017	0.888
1.995	0.892
1.99	0.893
1.973	0.896
1.974	0.9
1.927	0.901
1.892	0.905
1.859	0.908
1.837	0.911
1.826	0.914
1.785	0.909
1.799	0.915
1.76	0.916
1.639	0.92
5.459	0.621
5.373	0.627
5.289	0.628
5.186	0.631
5.044	0.636
4.884	0.64
4.742	0.644
4.657	0.648
4.576	0.654
4.502	0.653
4.469	0.652
4.417	0.657
4.36	0.661
4.299	0.664
4.252	0.665
4.21	0.671
4.17	0.67
4.142	0.674
4.118	0.675
4.138	0.681
4.153	0.684
4.151	0.69
4.086	0.699
4.019	0.707
3.953	0.716
3.921	0.72
3.921	0.724
3.913	0.726
3.908	0.727
3.884	0.73
3.831	0.732
3.776	0.72
3.712	0.73
3.647	0.733
6.246	0.331
6.191	0.339
6.111	0.347
6.034	0.355
6.035	0.362
5.994	0.37
5.925	0.377
5.851	0.381
5.818	0.389
5.772	0.396
5.716	0.403
5.67	0.41
5.656	0.415
5.656	0.422
5.683	0.432
5.708	0.436
5.736	0.441
5.685	0.447
5.625	0.455
5.574	0.459
5.558	0.463
5.542	0.463
5.519	0.469
5.392	0.474
5.197	0.477
5.003	0.482
4.809	0.487
4.614	0.493
4.42	0.5
4.33	0.508
4.248	0.512
4.165	0.513
4.078	0.519
4.006	0.524
1.609	0.705
1.579	0.712
1.571	0.719
1.552	0.733
1.566	0.737
1.583	0.744
1.617	0.75
1.697	0.76
1.832	0.757
1.993	0.76
1.973	0.77
1.915	0.78
1.929	0.789
1.993	0.796
2.18	0.802
2.214	0.807
2.228	0.809
2.136	0.816
2.093	0.824
2.021	0.83
1.976	0.822
1.98	0.819
1.82	0.838
1.81	0.844
1.46	0.834
1.344	0.841
1.305	0.849
1.288	0.859
1.254	0.865
1.262	0.87
1.33	0.875
1.377	0.881
1.364	0.887
1.37	0.892
1.386	0.897
1.354	0.904
1.344	0.909
1.343	0.914
1.361	0.923
1.344	0.923
1.339	0.927
1.378	0.931
1.387	0.933
1.367	0.933
1.4	0.936
1.385	0.942
1.405	0.944
1.415	0.945
1.469	0.949
1.501	0.948
1.591	0.949
1.57	0.951
1.566	0.952
1.541	0.957
1.531	0.955
1.577	0.958
1.46	0.955
1.441	0.959
5.737	0.432
5.63	0.438
5.517	0.444
5.414	0.45
5.254	0.453
5.106	0.459
4.959	0.465
4.884	0.469
4.829	0.475
4.822	0.48
4.827	0.487
4.768	0.486
4.687	0.493
4.597	0.495
4.504	0.503
4.496	0.515
4.399	0.524
4.288	0.534
4.217	0.546
4.179	0.551
4.181	0.558
4.177	0.568
4.154	0.575
4.114	0.582
4.029	0.58
3.982	0.588
3.873	0.59
3.715	0.594
3.65	0.6
3.593	0.609
3.541	0.614
3.492	0.618
3.434	0.625
3.397	0.628
1.466	0.77
1.459	0.78
1.452	0.782
1.426	0.784
1.414	0.79
1.385	0.792
1.365	0.796
1.357	0.803
1.339	0.813
1.326	0.816
1.331	0.828
1.327	0.837
1.335	0.836
1.333	0.842
1.34	0.851
1.358	0.863
1.403	0.871
1.416	0.866
1.494	0.871
1.507	0.874
1.485	0.876
1.395	0.874
1.345	0.874
1.292	0.879
1.298	0.886
1.328	0.888
1.382	0.884
1.35	0.887
1.35	0.893
1.337	0.896
1.386	0.896
1.432	0.897
1.308	0.897
1.334	0.908
2.378	0.744
2.332	0.751
2.285	0.746
2.242	0.764
2.195	0.764
2.154	0.768
2.116	0.771
2.078	0.767
2.038	0.771
2.006	0.773
1.967	0.774
1.913	0.777
1.799	0.779
1.715	0.782
1.616	0.784
1.438	0.784
1.53	0.788
1.542	0.789
1.532	0.782
1.517	0.782
1.502	0.789
1.487	0.791
5.48	0.499
5.377	0.503
5.314	0.506
5.254	0.51
5.191	0.515
5.105	0.522
5.008	0.53
4.906	0.539
4.8	0.548
4.687	0.556
4.583	0.563
4.502	0.567
4.371	0.572
4.25	0.577
4.134	0.58
3.974	0.583
3.845	0.59
3.716	0.601
3.571	0.609
3.465	0.616
3.375	0.623
3.292	0.628
3.219	0.631
3.151	0.633
3.088	0.65
3.029	0.638
2.973	0.642
2.857	0.647
2.743	0.649
2.593	0.653
2.47	0.645
2.388	0.639
2.343	0.655
2.311	0.662
6.515	0.282
6.484	0.287
6.453	0.293
6.409	0.3
6.358	0.307
6.288	0.314
6.205	0.323
6.123	0.332
6.051	0.342
5.985	0.351
5.918	0.359
5.834	0.366
5.781	0.377
5.744	0.384
5.733	0.391
5.727	0.401
5.704	0.409
5.664	0.416
5.596	0.422
5.528	0.424
5.435	0.43
5.337	0.436
5.232	0.44
5.151	0.445
5.07	0.451
5.002	0.465
4.915	0.482
4.793	0.482
4.669	0.479
4.576	0.486
4.489	0.488
4.399	0.49
4.303	0.498
4.217	0.5
5.46	0.412
5.406	0.424
5.365	0.431
5.266	0.436
5.176	0.444
5.111	0.452
5.067	0.46
5.003	0.462
4.93	0.469
4.79	0.476
4.661	0.481
4.519	0.486
4.347	0.491
4.241	0.493
4.153	0.501
4.075	0.498
3.998	0.502
3.911	0.511
3.836	0.514
3.181	0.494
3.183	0.491
3.188	0.507
3.199	0.521
3.226	0.531
3.238	0.536
3.23	0.546
3.221	0.552
3.182	0.557
3.125	0.562
3.057	0.567
2.958	0.575
2.844	0.58
2.75	0.587
2.681	0.6
2.648	0.61
2.659	0.619
2.681	0.626
2.697	0.632
2.694	0.637
2.684	0.647
2.694	0.659
2.701	0.664
2.711	0.669
2.695	0.678
2.667	0.683
2.634	0.69
2.593	0.696
2.553	0.702
2.521	0.709
2.491	0.722
2.462	0.713
2.437	0.763
2.412	0.776
5.414	0.461
5.317	0.464
5.208	0.466
5.099	0.467
4.991	0.463
4.884	0.473
4.777	0.479
4.669	0.484
4.561	0.488
4.452	0.493
4.39	0.497
4.248	0.5
4.125	0.504
4.047	0.508
3.943	0.505
3.835	0.516
3.761	0.52
3.687	0.524
3.621	0.528
3.565	0.534
3.497	0.452
3.431	0.536
3.321	0.54
3.221	0.545
3.164	0.549
3.11	0.552
3.054	0.555
2.985	0.559
2.924	0.561
2.862	0.56
2.804	0.555
2.748	0.548
2.699	0.552
2.656	0.554
1.821	0.8043755
1.798	0.806783
1.775	0.80932313
1.738	0.81150347
1.718	0.81610936
1.691	0.8224163
1.687	0.82840586
1.678	0.83428735
1.67	0.83827734
1.669	0.84187406
1.688	0.84814763
1.662	0.8533231
1.648	0.85723525
1.654	0.8615973
1.664	0.8671708
1.667	0.87086254
1.703	0.87583596
1.729	0.8802514
1.741	0.8827478
1.72	0.8837552
1.706	0.88799495
1.689	0.8916487
1.692	0.8941138
1.667	0.8981406
1.678	0.90055966
1.675	0.9027572
1.669	0.90514636
1.636	0.90792
1.603	0.91105837
1.564	0.91397655
1.513	0.9056104
1.516	0.90697354
1.495	0.91196257
1.467	0.9179597
5.271	0.516
5.191	0.519
5.113	0.523
5.028	0.529
4.935	0.532
4.835	0.537
4.713	0.541
4.59	0.547
4.473	0.529
4.366	0.552
4.289	0.558
4.153	0.561
4	0.564
3.844	0.568
3.71	0.573
3.577	0.578
3.449	0.582
3.351	0.587
3.26	0.592
3.173	0.594
3.078	0.596
2.998	0.598
2.927	0.597
2.855	0.601
2.793	0.604
2.746	0.61
2.704	0.616
2.663	0.618
2.645	0.619
2.611	0.632
2.577	0.625
2.548	0.628
2.522	0.643
2.5	0.645
1.283	0.755
1.299	0.764
1.359	0.773
1.359	0.784
1.368	0.793
1.304	0.8
1.203	0.808
1.123	0.817
1.025	0.823
0.994	0.83
1.027	0.839
0.941	0.847
0.932	0.854
0.904	0.861
0.921	0.866
0.957	0.872
0.987	0.879
1.03	0.891
1.054	0.907
1.05	0.909
1.12	0.912
1.136	0.918
1.207	0.923
1.265	0.928
1.201	0.932
1.227	0.937
1.205	0.94
1.136	0.946
1.086	0.952
1.055	0.952
0.892	0.95
0.778	0.961
0.708	0.95
0.717	0.955
1.857	0.73
1.863	0.724
1.77	0.722
1.686	0.729
1.64	0.739
1.568	0.744
1.458	0.752
1.377	0.758
1.326	0.764
1.29	0.771
1.32	0.781
1.312	0.791
1.303	0.8
1.275	0.807
1.281	0.811
1.312	0.816
1.341	0.823
1.322	0.826
1.346	0.833
1.321	0.834
1.257	0.838
1.25	0.841
1.334	0.841
1.35	0.85
1.424	0.848
1.446	0.847
1.514	0.851
1.524	0.853
1.522	0.857
1.531	0.861
1.576	0.857
1.605	0.852
1.55	0.867
1.486	0.87
2.302	0.841
2.196	0.853
2.214	0.86
2.221	0.863
2.144	0.868
2.083	0.863
2.111	0.873
2.04	0.881
2.043	0.893
1.997	0.895
2.071	0.902
1.955	0.91
1.936	0.917
1.991	0.925
2.037	0.928
2.046	0.935
2.075	0.936
2.089	0.941
2.156	0.935
2.227	0.934
2.192	0.935
2.023	0.941
2.034	0.946
1.938	0.95
1.928	0.954
1.809	0.956
1.744	0.959
1.711	0.962
1.71	0.966
1.744	0.969
1.718	0.965
1.818	0.967
1.589	0.964
1.54	0.972
4.045	0.446
3.959	0.448
3.877	0.453
3.799	0.458
3.723	0.463
3.651	0.469
3.582	0.476
3.514	0.482
3.446	0.488
3.383	0.496
3.35	0.501
3.303	0.511
3.217	0.516
3.122	0.529
3.046	0.538
2.958	0.547
2.867	0.557
2.775	0.566
2.711	0.574
2.674	0.579
2.598	0.59
2.532	0.603
2.47	0.609
2.399	0.615
2.293	0.625
2.289	0.633
2.284	0.644
2.193	0.649
2.184	0.648
2.12	0.651
2.047	0.652
2.014	0.647
1.994	0.676
1.975	0.685
3.114	0.531
3.058	0.538
2.95	0.545
2.9	0.555
2.851	0.565
2.809	0.575
2.782	0.585
2.742	0.595
2.66	0.591
2.568	0.595
2.503	0.6
2.466	0.608
2.436	0.617
2.41	0.625
2.415	0.624
2.452	0.638
2.457	0.646
2.476	0.649
2.44	0.653
2.442	0.663
2.462	0.67
2.515	0.678
2.514	0.686
2.441	0.69
2.393	0.693
2.346	0.701
2.311	0.705
2.253	0.712
2.219	0.715
2.205	0.714
2.189	0.71
2.166	0.707
2.149	0.726
2.127	0.728
4.934	0.626
4.568	0.645
4.099	0.652
3.674	0.658
3.244	0.664
2.852	0.672
2.542	0.681
2.323	0.687
2.19	0.695
2.089	0.703
1.999	0.71
1.918	0.719
1.836	0.727
1.801	0.732
1.78	0.741
1.756	0.746
1.755	0.757
1.748	0.761
1.743	0.765
1.74	0.771
1.749	0.778
1.792	0.787
1.851	0.795
1.913	0.794
1.975	0.795
2.017	0.788
2.054	0.791
2.023	0.793
1.919	0.79
1.766	0.787
1.7	0.775
1.709	0.777
1.704	0.793
1.695	0.799
5.929	0.531
5.833	0.504
5.718	0.532
5.609	0.55
5.488	0.547
5.36	0.538
5.249	0.557
5.194	0.565
5.112	0.58
5.035	0.589
4.92	0.592
4.799	0.598
4.668	0.6
4.581	0.582
4.527	0.604
4.446	0.609
4.459	0.611
4.404	0.618
4.373	0.634
4.378	0.644
4.457	0.65
4.588	0.656
4.544	0.664
4.441	0.668
4.31	0.671
4.08	0.675
3.843	0.676
3.64	0.681
3.547	0.689
3.48	0.693
3.419	0.68
3.358	0.687
3.294	0.695
3.249	0.695
2.11	0.776
2.077	0.78
1.991	0.787
1.904	0.794
1.848	0.805
1.843	0.809
1.883	0.816
1.932	0.823
1.941	0.855
1.903	0.858
1.893	0.869
1.94	0.876
1.971	0.883
1.96	0.891
1.93	0.899
1.865	0.905
1.915	0.908
2.011	0.911
2.065	0.907
2.063	0.907
2.056	0.915
2.033	0.909
1.99	0.911
1.934	0.915
1.9	0.921
1.861	0.931
1.816	0.936
1.772	0.941
1.761	0.944
1.718	0.947
1.653	0.948
1.777	0.946
1.594	0.947
1.598	0.949
2.84	0.787
2.832	0.791
2.87	0.794
2.866	0.801
2.837	0.806
2.823	0.81
2.862	0.817
2.876	0.824
2.922	0.831
2.888	0.839
2.921	0.839
2.868	0.841
2.877	0.846
2.919	0.847
2.848	0.85
2.793	0.858
2.828	0.867
2.852	0.878
2.903	0.878
2.944	0.884
3.028	0.889
3.01	0.892
3.05	0.893
3.036	0.899
3.081	0.902
3.093	0.902
3.113	0.905
3.123	0.908
3.103	0.911
3.034	0.913
2.937	0.912
3.019	0.918
2.936	0.921
2.83	0.919
1.331	0.787
1.303	0.792
1.296	0.8
1.249	0.806
1.208	0.816
1.188	0.823
1.197	0.829
1.21	0.836
1.21	0.84
1.228	0.845
1.249	0.849
1.247	0.856
1.264	0.862
1.285	0.866
1.337	0.874
1.332	0.876
1.364	0.881
1.393	0.885
1.435	0.885
1.439	0.884
1.443	0.887
1.427	0.89
1.416	0.887
1.38	0.887
1.364	0.89
1.344	0.889
1.336	0.894
1.317	0.897
1.286	0.902
1.259	0.906
1.242	0.899
1.252	0.908
1.24	0.905
1.198	0.915
2.955	0.662
2.997	0.662
3.026	0.664
2.987	0.664
2.93	0.664
2.851	0.665
2.77	0.664
2.677	0.663
2.574	0.662
2.465	0.662
2.345	0.659
2.296	0.668
2.271	0.672
2.244	0.668
2.198	0.684
2.148	0.687
2.089	0.696
2.023	0.704
1.953	0.711
1.879	0.711
1.799	0.708
1.717	0.711
1.648	0.711
1.591	0.711
1.544	0.712
1.508	0.713
1.464	0.714
1.428	0.715
1.4	0.715
1.39	0.716
1.383	0.711
1.378	0.703
1.372	0.718
1.358	0.72
1.509	0.853
1.504	0.857
1.478	0.859
1.44	0.865
1.468	0.872
1.407	0.874
1.403	0.88
1.376	0.883
1.371	0.884
1.34	0.885
1.346	0.889
1.325	0.892
1.308	0.894
1.285	0.896
1.277	0.899
1.245	0.9
1.285	0.903
1.305	0.905
1.33	0.905
1.333	0.905
1.357	0.907
1.363	0.906
1.376	0.909
1.389	0.912
1.388	0.914
1.415	0.917
1.408	0.918
1.39	0.92
1.373	0.921
1.323	0.922
1.304	0.922
1.275	0.922
1.256	0.921
1.208	0.925
5.544	0.619
5.33	0.625
5.137	0.638
4.972	0.643
4.819	0.647
4.676	0.653
4.508	0.657
4.318	0.661
4.112	0.664
3.971	0.668
3.864	0.672
3.803	0.679
3.805	0.686
3.816	0.693
3.729	0.705
3.653	0.713
3.711	0.719
3.797	0.725
3.876	0.733
3.841	0.735
3.78	0.732
3.69	0.734
3.568	0.74
3.449	0.742
3.302	0.742
3.141	0.743
3.072	0.745
2.994	0.747
2.923	0.747
2.855	0.75
2.791	0.743
2.735	0.736
2.679	0.751
2.639	0.754
2.745	0.689
2.677	0.683
2.584	0.68
2.483	0.673
2.378	0.666
2.253	0.665
2.084	0.669
1.97	0.673
1.938	0.678
1.902	0.683
1.898	0.692
1.906	0.707
1.956	0.72
2.075	0.732
2.201	0.743
2.274	0.754
2.38	0.765
2.49	0.772
2.616	0.771
2.58	0.774
2.61	0.781
2.605	0.79
2.64	0.799
2.67	0.808
2.76	0.813
2.755	0.819
2.795	0.82
2.745	0.824
2.845	0.828
2.89	0.834
3.13	0.826
3.32	0.816
3.05	0.831
3.012	0.837
6.135	0.485
5.94	0.485
5.74	0.484
5.569	0.483
5.438	0.484
5.372	0.488
5.307	0.491
5.268	0.493
5.244	0.496
5.177	0.499
5.136	0.5
5.094	0.505
5.027	0.504
4.937	0.515
4.861	0.526
4.801	0.532
4.754	0.541
4.718	0.548
4.66	0.553
4.567	0.553
4.446	0.552
4.284	0.56
4.116	0.565
3.955	0.57
3.843	0.576
3.766	0.583
3.689	0.594
3.609	0.599
3.536	0.605
3.433	0.611
3.364	0.6
3.312	0.608
3.262	0.626
3.208	0.628
3.76	0.588
3.815	0.593
3.865	0.596
3.899	0.596
3.905	0.598
3.898	0.6
3.878	0.603
3.768	0.608
3.643	0.613
3.521	0.615
3.438	0.623
3.375	0.627
3.339	0.63
3.318	0.633
3.29	0.635
3.254	0.632
3.219	0.631
3.182	0.642
3.147	0.644
3.487	0.698
3.398	0.685
3.353	0.699
3.313	0.704
3.272	0.734
3.248	0.763
3.223	0.769
3.135	0.765
3.039	0.77
2.952	0.773
2.887	0.778
2.839	0.777
2.795	0.783
2.771	0.795
2.762	0.798
2.731	0.798
2.589	0.799
2.412	0.801
2.266	0.805
2.155	0.809
2.044	0.812
1.956	0.817
1.99	0.822
1.968	0.814
2.06	0.818
2.03	0.832
2.061	0.836
2.16	0.838
2.118	0.84
2.087	0.843
2.099	0.837
1.82	0.839
1.547	0.845
1.525	0.852
3.798	0.649
3.737	0.643
3.637	0.631
3.41	0.615
3.283	0.595
3.291	0.59
3.092	0.597
2.88	0.608
2.795	0.613
2.714	0.619
2.576	0.627
2.546	0.634
2.566	0.635
2.595	0.642
2.631	0.646
2.645	0.648
2.744	0.652
2.781	0.658
2.838	0.666
2.955	0.669
3.096	0.668
3.14	0.67
3.183	0.679
3.15	0.686
3.21	0.691
3.208	0.695
3.104	0.7
3.044	0.704
3.28	0.708
3.33	0.708
3.05	0.7
2.89	0.704
2.81	0.717
2.8	0.72
6.057	0.409
5.986	0.415
5.9	0.42
5.798	0.426
5.598	0.434
5.355	0.436
5.148	0.449
4.961	0.455
4.792	0.462
4.639	0.469
4.429	0.473
4.29	0.479
4.132	0.488
4.024	0.496
3.898	0.505
3.685	0.514
3.559	0.515
3.438	0.529
3.331	0.537
3.229	0.548
3.137	0.556
3.049	0.567
2.953	0.577
2.872	0.587
2.802	0.597
2.796	0.604
2.744	0.609
2.691	0.612
2.633	0.613
2.589	0.615
2.535	0.616
2.494	0.613
2.455	0.614
2.421	0.617
1.987	0.736
1.844	0.733
1.72	0.709
1.503	0.692
1.384	0.686
1.252	0.695
1.161	0.714
1.117	0.727
1.104	0.738
1.171	0.753
1.244	0.764
1.223	0.775
1.258	0.786
1.322	0.798
1.297	0.809
1.389	0.818
1.464	0.823
1.542	0.829
1.585	0.837
1.472	0.836
1.367	0.833
1.343	0.84
1.444	0.843
1.527	0.852
1.646	0.854
1.706	0.859
1.742	0.864
1.698	0.87
1.612	0.875
1.609	0.88
1.546	0.879
1.572	0.871
1.47	0.881
1.338	0.889
2.291	0.71
2.244	0.713
2.201	0.726
2.172	0.734
2.191	0.743
2.256	0.75
2.32	0.758
2.345	0.762
2.361	0.762
2.375	0.761
2.382	0.763
2.39	0.767
2.372	0.772
2.347	0.774
2.327	0.771
2.308	0.75
2.283	0.733
2.263	0.755
2.239	0.752
4.813	0.483
4.681	0.482
4.541	0.481
4.365	0.477
4.21	0.478
4.125	0.476
4.058	0.473
3.982	0.469
3.815	0.469
3.67	0.462
3.605	0.462
3.63	0.457
3.682	0.455
3.619	0.456
3.508	0.454
3.428	0.454
3.414	0.451
3.442	0.458
3.392	0.463
3.309	0.468
3.25	0.478
3.343	0.485
3.296	0.496
3.283	0.502
3.239	0.509
3.217	0.517
3.18	0.526
3.105	0.531
3.016	0.538
2.924	0.541
2.846	0.537
2.769	0.532
2.716	0.547
2.694	0.55
5.953	0.403
5.875	0.443
5.774	0.448
5.653	0.453
5.547	0.429
5.506	0.442
5.519	0.446
5.53	0.45
5.462	0.455
5.328	0.459
5.174	0.463
5.058	0.467
4.97	0.471
4.881	0.475
4.749	0.481
4.622	0.479
4.523	0.48
4.461	0.485
4.396	0.491
4.336	0.495
4.257	0.497
4.174	0.498
4.089	0.503
4.016	0.508
3.95	0.51
4.776	0.69
4.461	0.7
4.162	0.703
3.883	0.705
3.649	0.71
3.442	0.712
3.256	0.716
3.132	0.721
3.043	0.721
2.972	0.724
2.906	0.727
2.866	0.73
2.831	0.733
2.797	0.739
2.773	0.741
2.765	0.747
2.699	0.751
2.648	0.754
2.599	0.754
2.556	0.753
2.603	0.755
2.646	0.715
2.68	0.758
2.716	0.748
2.754	0.728
2.711	0.728
2.673	0.725
2.626	0.74
2.581	0.743
2.539	0.737
2.507	0.688
2.462	0.729
2.402	0.741
2.355	0.721
1.573	0.882
1.524	0.888
1.468	0.893
1.373	0.897
1.439	0.904
1.487	0.903
1.428	0.908
1.421	0.909
1.442	0.912
1.68	0.913
1.435	0.914
1.662	0.919
1.514	0.919
1.462	0.92
1.57	0.923
1.425	0.925
1.59	0.926
1.458	0.929
1.564	0.928
1.483	0.935
1.461	0.929
1.523	0.933
1.529	0.936
1.537	0.938
2.031	0.745
2.013	0.738
1.97	0.723
1.741	0.705
1.577	0.699
1.552	0.706
1.495	0.723
1.468	0.739
1.458	0.751
1.456	0.762
1.383	0.778
1.281	0.787
1.231	0.799
1.26	0.812
1.271	0.821
1.291	0.828
1.322	0.834
1.359	0.839
1.444	0.849
1.499	0.851
1.499	0.854
1.548	0.86
1.591	0.862
1.583	0.865
1.628	0.866
1.705	0.869
1.692	0.875
1.633	0.885
1.635	0.889
1.61	0.894
1.487	0.888
1.359	0.887
1.27	0.888
1.201	0.895
5.758	0.34204078
5.701	0.35059604
5.631	0.3596332
5.56	0.39877075
5.494	0.402766
5.413	0.42096916
5.322	0.4269735
5.24	0.43000394
5.164	0.432075
5.106	0.43649974
5.053	0.43883622
4.995	0.4427982
4.936	0.44619104
4.878	0.4525536
4.813	0.45707306
4.742	0.45871836
4.67	0.4588084
4.602	0.47149748
4.532	0.47806427
3.646	0.48673937
3.602	0.49990252
3.55	0.5078028
3.479	0.5139684
3.41	0.5242137
3.347	0.533825
3.284	0.5434632
3.236	0.55155903
3.186	0.5593327
3.154	0.56541926
3.127	0.5710855
3.078	0.57957613
3.034	0.5894755
2.996	0.5956914
2.954	0.60151386
2.897	0.60980934
2.88	0.6173714
2.849	0.62547666
2.783	0.62979513
2.741	0.6321534
2.683	0.63645244
2.627	0.6364669
2.594	0.63409626
2.571	0.6529091
2.554	0.6585855
1.602	0.787
1.613	0.796
1.651	0.801
1.706	0.812
1.725	0.82
1.705	0.824
1.768	0.832
1.719	0.837
1.687	0.845
1.744	0.858
1.761	0.861
1.662	0.863
1.629	0.868
1.62	0.87
1.657	0.878
1.631	0.879
1.646	0.88
1.611	0.883
1.606	0.896
1.59	0.905
1.622	0.909
1.53	0.911
1.572	0.914
1.55	0.919
1.499	0.924
1.464	0.913
1.415	0.916
1.392	0.913
1.38	0.915
1.343	0.916
1.361	0.916
1.382	0.918
1.39	0.922
1.396	0.922
5.839	0.436
5.665	0.443
5.528	0.451
5.412	0.448
5.329	0.458
5.264	0.465
5.195	0.47
5.133	0.474
5.083	0.482
5.043	0.49
5.003	0.493
4.896	0.493
4.737	0.494
4.613	0.496
4.527	0.497
4.421	0.5
4.335	0.501
4.285	0.501
4.259	0.505
4.246	0.501
4.221	0.495
4.17	0.483
4.104	0.481
4.036	0.483
3.972	0.487
6.74	0.306
6.681	0.31
6.63	0.318
6.573	0.324
6.488	0.325
6.392	0.37
6.285	0.375
6.231	0.379
6.205	0.384
6.124	0.392
6.002	0.394
5.943	0.4
5.903	0.407
5.875	0.414
5.864	0.421
5.848	0.427
5.802	0.436
5.724	0.444
5.609	0.455
5.453	0.465
5.263	0.475
5.083	0.483
4.902	0.488
4.759	0.494
4.569	0.5
4.384	0.504
4.216	0.506
4.113	0.508
4.021	0.51
3.952	0.513
3.877	0.512
3.791	0.509
3.72	0.513
3.648	0.517
3.304	0.653
3.339	0.661
3.373	0.67
3.364	0.677
3.346	0.684
3.317	0.691
3.297	0.701
3.227	0.713
3.12	0.718
3.068	0.723
2.942	0.733
2.807	0.731
2.658	0.732
2.601	0.737
2.493	0.739
2.391	0.736
2.308	0.742
2.252	0.754
2.262	0.765
2.223	0.773
2.144	0.779
2.153	0.782
2.117	0.787
2.07	0.791
2.058	0.795
2.008	0.8
1.942	0.805
1.893	0.807
1.838	0.809
1.777	0.812
1.68	0.81
1.555	0.802
1.55	0.81
1.55	0.819
2.691	0.639
2.532	0.639
2.425	0.645
2.342	0.654
2.262	0.655
2.199	0.657
2.204	0.672
2.293	0.672
2.371	0.681
2.39	0.682
2.349	0.689
2.307	0.698
2.254	0.704
2.174	0.71
2.089	0.718
2.004	0.725
1.903	0.732
1.798	0.739
1.71	0.744
1.64	0.749
1.613	0.73
1.599	0.745
1.583	0.764
1.575	0.766
7.311	0.24
7.28	0.247
7.237	0.251
7.18	0.259
7.119	0.266
7.052	0.273
7.01	0.282
6.971	0.293
6.936	0.303
6.911	0.314
6.886	0.32
6.852	0.332
6.819	0.34
6.783	0.352
6.741	0.359
6.708	0.368
6.677	0.377
6.647	0.386
6.624	0.395
6.592	0.403
6.579	0.41
6.545	0.415
6.523	0.411
6.491	0.409
6.441	0.414
6.385	0.413
6.319	0.411
6.251	0.416
6.118	0.421
5.892	0.425
5.85	0.414
5.779	0.414
5.692	0.417
5.614	0.419
2.041	0.735
2.002	0.742
2.06	0.748
1.958	0.754
1.84	0.758
1.791	0.763
1.972	0.763
1.937	0.772
1.835	0.781
1.734	0.784
1.672	0.79
1.493	0.801
1.458	0.806
1.476	0.818
1.4	0.832
1.377	0.84
1.363	0.838
1.358	0.845
1.42	0.848
1.413	0.854
1.375	0.867
1.443	0.862
1.42	0.87
1.366	0.88
1.379	0.886
1.376	0.892
1.366	0.891
1.271	0.901
1.227	0.908
1.15	0.91
1.132	0.903
1.11	0.914
1.101	0.917
1.098	0.924
3.527	0.666
3.382	0.668
3.247	0.676
3.18	0.681
3.131	0.691
3.091	0.696
3.064	0.702
3.038	0.71
3.012	0.722
2.989	0.722
2.964	0.723
2.936	0.732
2.919	0.733
6.175	0.396
6.157	0.401
6.126	0.409
6.093	0.421
6.058	0.432
5.962	0.439
5.861	0.448
5.743	0.45
5.623	0.46
5.524	0.467
5.456	0.468
5.407	0.47
5.373	0.475
5.364	0.482
5.374	0.494
5.376	0.5
5.404	0.512
5.426	0.512
5.436	0.512
5.406	0.522
5.384	0.525
5.38	0.53
5.352	0.538
5.317	0.544
5.261	0.547
5.211	0.551
5.157	0.548
5.106	0.551
5.044	0.561
4.984	0.566
4.912	0.554
4.848	0.553
4.77	0.562
4.697	0.563
2.296	0.627
2.293	0.632
2.359	0.637
2.312	0.641
2.243	0.645
2.138	0.65
2.116	0.653
2.031	0.659
1.911	0.667
2.031	0.675
1.976	0.683
1.895	0.697
1.916	0.701
1.871	0.709
1.871	0.716
1.824	0.723
1.714	0.729
1.672	0.736
1.602	0.742
1.528	0.748
1.495	0.755
1.482	0.762
1.479	0.778
1.419	0.781
1.371	0.79
1.319	0.792
1.352	0.795
1.395	0.799
1.365	0.801
1.351	0.803
1.387	0.795
1.353	0.789
1.27	0.794
1.241	0.806
3.444	0.668
3.363	0.67
3.285	0.672
3.211	0.675
3.132	0.68
3.044	0.68
2.964	0.687
2.886	0.694
2.815	0.701
2.763	0.706
2.714	0.712
2.671	0.715
2.633	0.722
2.579	0.728
2.536	0.732
2.495	0.736
2.456	0.745
2.421	0.747
2.391	0.75
2.364	0.749
2.34	0.751
2.317	0.757
2.294	0.764
2.269	0.765
2.211	0.769
2.137	0.773
2.086	0.778
2.041	0.781
2.03	0.785
2.02	0.788
1.99	0.763
1.97	0.761
1.94	0.783
1.91	0.789
4.217	0.596
4.084	0.599
3.934	0.596
3.785	0.601
3.681	0.6
3.595	0.601
3.514	0.602
3.439	0.601
3.368	0.6
3.313	0.601
3.271	0.603
3.223	0.605
3.18	0.605
3.133	0.603
3.091	0.602
3.049	0.604
3.001	0.606
2.957	0.607
2.922	0.608
2.883	0.611
2.852	0.609
2.818	0.611
2.785	0.614
2.748	0.615
1.528	0.702
1.537	0.711
1.575	0.718
1.638	0.728
1.719	0.729
1.703	0.739
1.65	0.748
1.661	0.754
1.622	0.758
1.82	0.762
1.87	0.759
1.89	0.763
1.81	0.769
1.81	0.772
1.78	0.775
1.77	0.77
1.751	0.773
1.694	0.784
1.731	0.785
4.206	0.593
3.858	0.591
3.426	0.581
3.017	0.567
2.819	0.568
2.736	0.572
2.621	0.578
2.477	0.585
2.358	0.594
2.297	0.602
2.255	0.611
2.194	0.622
2.103	0.631
2.019	0.643
1.983	0.658
1.99	0.671
2.116	0.683
2.321	0.696
2.532	0.707
2.625	0.711
2.521	0.714
2.595	0.725
2.739	0.735
2.94	0.744
2.996	0.748
3.01	0.753
2.957	0.759
2.891	0.759
2.923	0.767
3.008	0.758
2.949	0.741
2.835	0.727
2.746	0.742
2.685	0.747
1.804	0.764
1.734	0.768
1.702	0.773
1.737	0.785
1.803	0.795
1.895	0.806
1.96	0.809
1.731	0.815
1.676	0.822
1.728	0.825
1.744	0.83
1.762	0.833
1.756	0.839
1.8	0.836
1.79	0.843
1.775	0.849
1.814	0.851
1.831	0.841
1.85	0.84
1.881	0.853
1.803	0.862
4.06	0.451
3.947	0.457
3.757	0.461
3.548	0.468
3.413	0.48
3.295	0.484
3.229	0.495
3.147	0.5
3.037	0.507
2.882	0.517
2.774	0.528
2.686	0.539
2.617	0.55
2.606	0.56
2.611	0.567
2.613	0.573
2.611	0.579
2.618	0.586
2.612	0.593
2.624	0.598
2.629	0.607
2.595	0.619
2.543	0.629
2.478	0.639
2.425	0.648
2.406	0.659
2.396	0.665
2.375	0.674
2.354	0.68
2.342	0.687
2.32	0.683
2.288	0.69
2.256	0.704
2.23	0.71
6.319	0.246
6.276	0.25
6.218	0.245
6.153	0.252
6.082	0.255
6.019	0.257
5.973	0.269
5.933	0.281
5.905	0.292
5.875	0.304
5.83	0.311
5.755	0.326
5.667	0.335
5.6	0.35
5.551	0.36
5.5	0.371
5.452	0.379
5.466	0.392
5.598	0.403
5.681	0.411
5.66	0.419
5.599	0.424
5.518	0.431
5.43	0.443
5.304	0.45
5.245	0.457
5.188	0.46
5.128	0.461
5.07	0.469
5.016	0.475
4.959	0.477
4.905	0.478
4.84	0.49
4.763	0.493
3.504	0.347
3.432	0.354
3.354	0.368
3.281	0.374
3.204	0.381
3.127	0.385
3.058	0.391
2.985	0.396
2.912	0.399
2.851	0.406
2.813	0.415
2.793	0.423
2.765	0.433
2.68	0.443
2.588	0.453
2.515	0.463
2.471	0.473
2.447	0.483
2.404	0.468
2.369	0.504
2.335	0.515
2.306	0.525
2.276	0.535
2.264	0.546
2.252	0.557
2.266	0.566
2.27	0.574
2.252	0.587
2.228	0.6
2.206	0.61
2.179	0.609
2.158	0.605
2.131	0.606
2.115	0.609
5.398	0.597
5.29	0.602
5.107	0.603
4.905	0.601
4.676	0.6
4.417	0.595
4.201	0.587
4.166	0.58
4.176	0.574
4.138	0.565
3.991	0.561
3.827	0.555
3.693	0.555
3.58	0.558
3.545	0.563
3.571	0.564
3.601	0.569
3.608	0.576
3.616	0.581
3.633	0.585
3.657	0.591
3.658	0.598
3.676	0.607
3.653	0.616
3.635	0.624
3.604	0.63
3.574	0.634
3.511	0.638
3.462	0.642
3.404	0.647
3.349	0.647
3.303	0.631
3.248	0.649
3.212	0.665
3.377	0.589
3.4	0.565
3.504	0.581
3.665	0.614
3.847	0.607
4.019	0.616
4.117	0.624
4.115	0.633
4.098	0.64
4.085	0.655
4.075	0.66
4.027	0.67
3.879	0.67
3.683	0.668
3.531	0.678
3.466	0.684
3.425	0.692
3.379	0.7
3.331	0.703
5.211	0.404
5.151	0.412
5.074	0.42
5.042	0.425
4.964	0.433
4.869	0.438
4.668	0.447
4.442	0.453
4.275	0.459
4.13	0.464
3.984	0.471
3.793	0.472
3.604	0.479
3.439	0.486
3.279	0.493
3.115	0.5
2.967	0.512
2.857	0.516
2.737	0.526
2.63	0.538
2.541	0.551
2.462	0.559
2.42	0.565
2.36	0.57
2.319	0.574
2.273	0.575
2.226	0.58
2.173	0.588
2.12	0.596
2.08	0.604
2.051	0.599
2.025	0.596
2.002	0.605
1.984	0.622
1.614	0.855
1.61	0.86
1.588	0.861
1.573	0.863
1.569	0.889
1.534	0.886
1.53	0.89
1.564	0.891
1.628	0.893
1.656	0.894
1.721	0.9
1.712	0.902
1.729	0.898
1.742	0.901
1.722	0.904
1.706	0.907
1.715	0.914
1.714	0.92
1.764	0.92
1.783	0.92
1.787	0.925
1.752	0.935
1.716	0.935
1.677	0.937
1.704	0.939
1.657	0.94
1.658	0.941
1.617	0.945
1.585	0.947
1.572	0.95
1.545	0.945
1.624	0.951
1.514	0.953
1.43	0.955
2.167	0.811
2.092	0.813
2.06	0.822
2.038	0.838
1.982	0.852
1.979	0.858
1.961	0.862
1.956	0.871
1.895	0.881
1.966	0.886
1.977	0.896
1.964	0.902
1.892	0.905
1.929	0.91
1.976	0.912
1.961	0.917
2.01	0.918
2.169	0.921
2.187	0.92
2.133	0.923
2.165	0.926
2.096	0.927
2.087	0.929
2.004	0.933
1.925	0.932
1.982	0.934
1.876	0.938
1.811	0.936
1.719	0.938
1.717	0.938
1.63	0.94
1.647	0.939
1.665	0.933
1.667	0.938
4.596	0.515
4.432	0.526
4.267	0.531
4.102	0.534
3.937	0.54
3.775	0.549
3.62	0.559
3.473	0.568
3.339	0.569
3.218	0.585
3.12	0.593
2.996	0.601
2.887	0.609
2.827	0.615
2.784	0.623
2.765	0.63
2.733	0.636
2.697	0.642
2.66	0.646
2.626	0.646
2.596	0.651
2.558	0.657
2.527	0.664
2.492	0.668
2.463	0.674
2.434	0.679
2.407	0.684
2.378	0.688
2.347	0.69
2.321	0.69
2.299	0.676
2.265	0.682
2.24	0.701
2.218	0.706
7.806	0.215
7.798	0.219
7.795	0.222
7.79	0.228
7.786	0.233
7.776	0.238
7.78	0.245
7.802	0.25
7.84	0.258
7.84	0.263
7.829	0.266
7.81	0.272
7.797	0.278
7.789	0.284
7.777	0.292
7.769	0.302
7.744	0.309
7.726	0.313
7.702	0.323
7.679	0.329
7.64	0.339
7.592	0.346
7.527	0.356
7.445	0.362
7.342	0.369
7.215	0.374
7.043	0.38
6.874	0.384
6.706	0.391
6.537	0.4
6.369	0.404
6.2	0.413
6.135	0.414
6.061	0.419
6.459	0.379
6.426	0.383
6.391	0.388
6.354	0.393
6.319	0.397
6.273	0.402
6.217	0.408
6.138	0.413
6.069	0.419
6.082	0.425
6.124	0.435
6.128	0.438
6.116	0.451
6.1	0.464
6.09	0.477
6.063	0.484
6.053	0.489
6.027	0.492
6.024	0.497
5.993	0.499
5.948	0.502
5.893	0.508
5.797	0.512
5.694	0.517
5.622	0.524
5.503	0.53
5.343	0.532
5.182	0.534
5.021	0.537
4.861	0.544
4.7	0.547
4.636	0.554
4.552	0.557
4.482	0.56
2.3272805	0.81713676
2.301309	0.819591
2.2772021	0.8224308
2.2678351	0.8255375
2.2513099	0.83012056
2.2374172	0.8332466
2.2452502	0.8386846
2.2398806	0.84200835
2.209838	0.8433985
2.1684575	0.8439207
2.119871	0.84561443
2.0942779	0.8494359
2.075143	0.8532949
2.0513146	0.85496044
2.0388033	0.85716856
2.0081358	0.8591236
1.9728338	0.86142576
1.9253684	0.8636879
1.8944266	0.8665236
1.8635086	0.8687238
1.8093059	0.85540247
1.8073522	0.8522403
1.8062992	0.86384416
1.7720436	0.8702258
2.269	0.644
2.31	0.647
2.281	0.642
2.26	0.647
2.232	0.648
2.13	0.653
2.059	0.657
1.916	0.661
1.89	0.666
1.77	0.675
1.863	0.686
1.729	0.691
1.786	0.694
1.745	0.7
1.524	0.708
1.469	0.717
1.514	0.726
1.533	0.732
1.565	0.753
1.637	0.757
1.707	0.765
1.625	0.771
1.709	0.775
1.705	0.782
1.768	0.788
1.758	0.795
1.786	0.8
1.725	0.807
1.731	0.814
1.651	0.805
1.625	0.783
1.622	0.781
1.588	0.811
1.465	0.815
1.932	0.856
1.92	0.863
1.888	0.868
1.865	0.875
1.869	0.89
1.873	0.887
1.892	0.894
1.86	0.9
1.82	0.908
1.849	0.913
1.854	0.924
1.788	0.923
1.757	0.923
1.798	0.93
1.828	0.937
1.835	0.939
1.899	0.942
1.897	0.943
1.951	0.943
1.974	0.944
1.941	0.947
1.876	0.949
1.847	0.95
1.779	0.953
1.754	0.956
1.728	0.959
1.705	0.962
1.624	0.965
1.566	0.966
1.533	0.967
1.482	0.969
1.56	0.969
1.415	0.967
1.405	0.97
2.4639127	0.80804354
2.4825656	0.8101854
2.5515428	0.8121299
2.5599842	0.8153273
2.5144236	0.81803006
2.5001037	0.82062435
2.4687498	0.8243534
2.4635663	0.82798356
2.418012	0.8279558
2.3560889	0.8310525
2.3451734	0.8333656
2.313491	0.83567315
2.264939	0.83694863
2.2449045	0.84073627
2.1904926	0.8431121
2.1407125	0.84438473
2.1636748	0.84548646
2.1492639	0.84466344
2.1344285	0.84926206
3.852	0.707
3.662	0.719
3.51	0.729
3.371	0.739
3.2	0.743
3.029	0.756
2.879	0.766
2.761	0.774
2.762	0.782
2.829	0.799
2.973	0.804
2.955	0.822
2.928	0.824
2.954	0.827
2.97	0.831
2.965	0.838
2.949	0.845
2.923	0.848
2.81	0.854
2.696	0.857
2.638	0.843
2.588	0.834
2.449	0.846
2.525	0.858
6.364	0.396
6.291	0.4
6.207	0.405
6.112	0.408
6.008	0.412
5.894	0.415
5.771	0.42
5.642	0.422
5.507	0.426
5.462	0.431
5.352	0.436
5.182	0.443
5.012	0.45
4.894	0.458
4.685	0.472
4.595	0.48
4.589	0.489
4.554	0.495
4.515	0.496
4.465	0.497
4.398	0.5
4.305	0.504
4.204	0.508
4.125	0.512
4.055	0.522
3.988	0.527
3.902	0.535
3.9	0.537
3.855	0.538
3.81	0.54
3.765	0.536
3.72	0.537
3.662	0.544
3.605	0.544
1.819	0.736
1.87	0.741
1.923	0.746
1.962	0.749
1.989	0.755
2.017	0.761
1.996	0.765
1.968	0.771
1.947	0.773
1.935	0.776
1.937	0.779
1.965	0.784
2.006	0.787
2.054	0.791
2.032	0.795
2.002	0.802
2.055	0.804
2.019	0.804
1.97	0.805
1.984	0.806
1.972	0.799
1.95	0.789
1.927	0.786
1.907	0.786
4.971	0.654
4.867	0.663
4.739	0.664
4.627	0.674
4.509	0.679
4.44	0.685
4.434	0.691
4.305	0.698
4.154	0.704
4.049	0.706
3.995	0.7
3.977	0.712
3.887	0.717
3.771	0.721
3.674	0.725
3.591	0.729
3.511	0.718
3.442	0.718
3.375	0.733
3.311	0.674
3.072	0.672
2.999	0.674
2.95	0.68
2.909	0.686
2.877	0.688
2.852	0.69
2.83	0.694
2.81	0.701
2.789	0.707
2.767	0.712
2.744	0.718
2.72	0.723
2.698	0.73
2.679	0.735
2.68	0.741
2.643	0.746
2.62	0.753
2.612	0.763
2.608	0.767
2.593	0.77
2.587	0.775
2.604	0.781
2.591	0.798
2.569	0.799
2.552	0.798
2.53	0.803
2.502	0.81
2.462	0.815
2.402	0.82
2.288	0.824
2.184	0.808
2.152	0.819
2.139	0.835
2.119	0.839
5.18	0.403
5.109	0.411
5.033	0.421
4.962	0.432
4.87	0.439
4.78	0.442
4.728	0.448
4.679	0.449
4.632	0.446
4.587	0.454
4.525	0.456
4.469	0.458
4.419	0.461
4.362	0.464
4.283	0.468
4.22	0.473
4.148	0.479
4.076	0.485
4.015	0.489
3.941	0.495
3.883	0.503
3.816	0.508
3.746	0.514
3.684	0.522
3.625	0.534
3.558	0.543
3.495	0.55
3.432	0.555
3.382	0.559
3.322	0.566
3.274	0.567
3.215	0.567
3.165	0.572
3.099	0.576
4.565	0.607
4.481	0.613
4.402	0.619
4.282	0.626
4.196	0.631
4.108	0.637
4.014	0.646
3.911	0.653
3.798	0.659
3.67	0.664
3.508	0.664
3.361	0.671
3.233	0.679
3.123	0.673
3.053	0.681
2.973	0.683
2.889	0.684
2.823	0.69
2.792	0.7
2.757	0.7
2.695	0.709
2.667	0.715
2.658	0.719
2.636	0.73
2.646	0.733
2.645	0.737
2.624	0.737
2.591	0.74
2.561	0.744
2.525	0.747
2.497	0.742
2.469	0.723
2.444	0.747
2.422	0.756
3.912	0.625
3.794	0.628
3.673	0.629
3.552	0.633
3.432	0.644
3.315	0.654
3.203	0.658
3.099	0.663
3.002	0.671
2.917	0.68
2.845	0.682
2.744	0.69
2.693	0.69
2.661	0.689
2.673	0.694
2.643	0.691
2.619	0.697
2.583	0.708
2.528	0.714
2.48	0.717
2.421	0.731
2.413	0.738
2.356	0.748
2.317	0.757
2.271	0.763
2.229	0.768
2.189	0.775
2.152	0.775
2.118	0.78
2.086	0.784
2.056	0.769
2.029	0.764
2.004	0.79
1.98	0.794
4.322	0.593
4.273	0.594
4.161	0.599
4.098	0.602
4.079	0.606
4.067	0.609
4.004	0.619
3.943	0.623
3.884	0.624
3.825	0.628
3.754	0.632
3.719	0.636
3.651	0.643
3.591	0.648
3.524	0.655
3.448	0.656
3.466	0.654
3.403	0.659
3.401	0.662
3.376	0.662
3.315	0.669
3.236	0.674
3.143	0.681
3.042	0.687
2.894	0.689
2.829	0.69
2.679	0.69
2.525	0.694
2.378	0.7
2.215	0.708
2.075	0.699
1.95	0.69
1.929	0.714
1.916	0.72
2.065	0.722
2.067	0.72
1.956	0.724
1.87	0.737
1.801	0.747
1.634	0.754
1.587	0.763
1.516	0.775
1.439	0.784
1.377	0.793
1.366	0.801
1.315	0.809
1.252	0.816
1.225	0.822
1.228	0.82
1.244	0.826
1.269	0.831
1.311	0.836
1.386	0.841
1.402	0.846
1.407	0.852
1.338	0.858
1.329	0.863
1.292	0.873
1.317	0.873
1.323	0.879
1.389	0.884
1.472	0.882
1.443	0.884
1.436	0.887
1.384	0.88
1.322	0.884
1.261	0.902
1.299	0.906
1.555	0.707
1.557	0.718
1.536	0.735
1.513	0.751
1.445	0.765
1.411	0.773
1.441	0.781
1.469	0.789
1.473	0.795
1.502	0.793
1.538	0.797
1.455	0.801
1.46	0.804
1.437	0.808
1.405	0.809
1.408	0.81
1.372	0.815
1.352	0.821
1.383	0.826
1.349	0.831
1.381	0.836
1.343	0.843
1.277	0.844
1.213	0.849
1.23	0.854
1.302	0.857
1.356	0.859
1.377	0.864
1.411	0.866
1.421	0.872
1.405	0.87
1.328	0.876
1.453	0.883
1.508	0.89
4.23	0.767
3.988	0.768
3.852	0.77
3.765	0.778
3.665	0.784
3.557	0.788
3.444	0.791
3.327	0.794
3.211	0.796
3.117	0.796
3.073	0.795
3.08	0.795
3.011	0.798
2.925	0.804
2.794	0.807
2.635	0.815
2.509	0.822
2.438	0.831
2.369	0.839
2.254	0.838
2.137	0.834
2.07	0.835
2.04	0.846
2.032	0.859
2.03	0.857
1.976	0.86
1.856	0.861
1.834	0.87
1.756	0.876
1.731	0.88
1.675	0.872
1.605	0.866
1.739	0.883
1.729	0.886
1.837	0.719
1.6	0.705
1.51	0.694
1.437	0.692
1.4	0.695
1.337	0.701
1.301	0.707
1.317	0.709
1.316	0.715
1.304	0.724
1.303	0.73
1.272	0.737
1.27	0.745
1.298	0.749
1.335	0.757
1.394	0.765
1.421	0.781
1.449	0.792
1.581	0.815
1.636	0.826
1.574	0.822
1.475	0.823
1.51	0.817
1.466	0.821
1.56	0.82
1.621	0.823
1.692	0.823
1.77	0.828
1.753	0.833
1.711	0.838
1.726	0.832
1.718	0.829
1.717	0.84
1.713	0.845
1.91	0.762
1.751	0.758
1.566	0.744
1.393	0.725
1.398	0.712
1.352	0.713
1.289	0.723
1.243	0.734
1.242	0.738
1.183	0.74
1.19	0.75
1.221	0.758
1.287	0.764
1.334	0.772
1.345	0.777
1.299	0.78
1.315	0.791
1.428	0.802
1.517	0.807
1.559	0.805
1.585	0.808
1.601	0.822
1.708	0.825
1.725	0.83
1.766	0.831
1.79	0.833
1.773	0.835
1.627	0.838
1.581	0.845
1.504	0.847
1.505	0.818
1.505	0.813
1.452	0.826
1.449	0.832
6.345	0.294
6.289	0.297
6.235	0.295
6.171	0.304
6.059	0.317
5.967	0.34
5.893	0.37
5.816	0.385
5.737	0.398
5.64	0.417
5.5	0.433
5.335	0.452
5.141	0.467
4.922	0.479
4.707	0.493
4.522	0.504
4.332	0.512
4.201	0.521
4.136	0.499
4.117	0.525
4.108	0.525
4.106	0.534
4.084	0.539
4.047	0.54
3.985	0.55
3.913	0.555
3.841	0.562
3.778	0.57
3.698	0.578
1.931	0.758
1.902	0.765
1.871	0.769
1.833	0.776
1.8	0.783
1.762	0.791
1.74	0.8
1.713	0.808
1.682	0.818
1.665	0.829
1.643	0.83
1.633	0.832
1.61	0.834
1.587	0.835
1.568	0.839
1.55	0.828
1.531	0.818
1.512	0.829
1.505	0.84
3.238	0.683
3.19	0.685
3.11	0.692
2.999	0.694
3.028	0.696
3.026	0.698
2.712	0.701
2.743	0.701
2.403	0.705
2.501	0.708
2.207	0.71
2.125	0.712
2.032	0.716
1.939	0.721
1.863	0.726
1.807	0.73
1.765	0.741
1.7	0.74
1.7	0.749
1.735	0.751
1.673	0.749
1.5	0.755
1.5	0.748
1.5	0.741
1.485	0.746
1.473	0.757
1.461	0.76
1.448	0.757
1.436	0.759
1.424	0.745
1.411	0.734
1.399	0.724
1.387	0.747
1.379	0.748
2.306	0.7
2.3	0.704
2.218	0.71
2.142	0.715
2.087	0.719
2.068	0.724
2.033	0.731
2.063	0.737
2.15	0.741
2.174	0.745
2.144	0.746
2.076	0.749
2.113	0.753
2.106	0.755
2.141	0.759
2.133	0.765
2.055	0.771
1.94	0.778
1.9	0.783
1.864	0.787
1.83	0.781
1.808	0.781
1.791	0.794
1.775	0.798
4.767	0.655
4.739	0.663
4.695	0.665
4.645	0.669
4.572	0.672
4.523	0.676
4.477	0.683
4.444	0.682
4.392	0.687
4.343	0.691
4.322	0.694
4.322	0.697
4.358	0.701
4.417	0.702
4.466	0.694
4.52	0.708
4.56	0.711
4.545	0.707
4.491	0.706
4.423	0.706
4.344	0.708
4.262	0.712
4.196	0.712
4.136	0.711
4.061	0.708
4.002	0.708
3.94	0.706
3.883	0.703
3.829	0.708
1.404	0.881
1.519	0.883
1.432	0.885
1.296	0.888
1.298	0.89
1.198	0.893
1.242	0.895
1.257	0.898
1.521	0.9
1.358	0.903
1.459	0.905
1.456	0.902
1.289	0.893
1.483	0.896
1.259	0.897
1.196	0.896
1.127	0.898
1.054	0.903
1.077	0.904
1.096	0.908
1.113	0.895
1.125	0.903
1.136	0.91
1.149	0.915
4.939	0.535
4.933	0.546
4.957	0.552
4.906	0.557
4.838	0.561
4.769	0.564
4.718	0.569
4.664	0.574
4.584	0.585
4.485	0.596
4.354	0.608
4.203	0.613
4.069	0.617
3.977	0.621
3.9	0.625
3.827	0.628
3.759	0.631
3.695	0.636
3.644	0.637
5.804	0.67
5.644	0.681
5.489	0.688
5.326	0.693
5.161	0.699
4.986	0.705
4.812	0.711
4.656	0.718
4.524	0.725
4.354	0.729
4.206	0.737
3.964	0.744
3.709	0.75
3.465	0.762
3.264	0.773
3.161	0.782
3.176	0.785
3.185	0.786
3.074	0.792
2.95	0.794
2.81	0.801
2.8	0.811
2.78	0.819
2.67	0.827
2.68	0.841
2.63	0.851
2.65	0.86
2.67	0.869
2.67	0.875
2.49	0.878
2.27	0.875
2.17	0.878
2.14	0.893
2.28	0.9
6.396	0.377
6.267	0.379
6.149	0.381
6.049	0.382
5.915	0.382
5.819	0.384
5.723	0.385
5.639	0.386
5.581	0.389
5.573	0.392
5.498	0.398
5.397	0.404
5.301	0.409
5.246	0.416
5.192	0.423
5.133	0.43
5.064	0.438
5.018	0.45
5.024	0.462
5.025	0.47
5.055	0.477
5.099	0.491
5.129	0.499
5.049	0.504
4.884	0.508
4.751	0.509
4.648	0.516
4.489	0.517
4.294	0.522
4.1	0.52
4.003	0.522
3.936	0.522
3.864	0.526
3.818	0.53
1.468	0.686
1.436	0.692
1.398	0.698
1.37	0.699
1.354	0.685
1.353	0.701
1.355	0.707
1.363	0.711
1.37	0.72
1.361	0.732
1.336	0.743
1.319	0.753
1.316	0.763
1.331	0.773
1.362	0.774
1.399	0.775
1.404	0.785
1.444	0.788
1.431	0.792
1.46	0.795
1.46	0.802
1.462	0.806
1.483	0.808
1.487	0.814
1.513	0.817
1.485	0.809
1.517	0.807
1.519	0.826
1.5	0.833
2.2	0.758
2.367	0.772
2.407	0.797
2.182	0.797
2.161	0.814
2.217	0.819
2.295	0.836
2.313	0.844
2.291	0.847
2.262	0.85
2.227	0.853
2.199	0.838
2.166	0.836
2.133	0.848
6.567	0.313
6.553	0.303
6.555	0.305
6.569	0.312
6.557	0.312
6.555	0.314
6.552	0.311
6.531	0.307
6.495	0.304
6.423	0.301
6.355	0.318
6.305	0.33
6.23	0.345
6.087	0.354
5.919	0.363
5.807	0.37
5.737	0.372
5.643	0.391
5.563	0.4
5.448	0.406
5.327	0.41
5.209	0.416
5.064	0.418
4.873	0.436
4.703	0.438
4.548	0.432
4.466	0.441
4.389	0.445
4.294	0.451
4.192	0.455
4.08	0.454
3.978	0.458
3.876	0.463
3.791	0.467
1.583	0.819
1.495	0.826
1.485	0.833
1.498	0.84
1.471	0.848
1.443	0.854
1.424	0.859
1.372	0.866
1.261	0.869
1.239	0.875
1.342	0.882
1.186	0.885
1.172	0.891
1.081	0.897
1.071	0.905
1.072	0.911
1.068	0.911
1.069	0.914
1.044	0.924
1.002	0.928
0.934	0.932
0.964	0.933
1.027	0.933
0.949	0.934
1.003	0.934
0.977	0.935
0.943	0.934
0.936	0.935
0.948	0.939
0.942	0.942
0.942	0.944
0.944	0.948
0.943	0.942
0.943	0.946
2.076	0.698
2.034	0.697
1.925	0.702
1.859	0.71
1.666	0.72
1.523	0.729
1.469	0.74
1.428	0.747
1.376	0.758
1.331	0.765
1.293	0.774
1.202	0.781
1.185	0.79
1.204	0.796
1.246	0.806
1.262	0.815
1.254	0.824
1.27	0.834
1.342	0.842
1.433	0.845
1.43	0.851
1.445	0.856
1.394	0.856
1.396	0.858
1.422	0.859
1.403	0.861
1.478	0.864
1.521	0.865
1.545	0.868
1.566	0.871
1.591	0.867
1.631	0.859
1.56	0.873
1.56	0.88
1.462	0.734
1.422	0.736
1.334	0.741
1.329	0.746
1.315	0.756
1.288	0.768
1.279	0.778
1.247	0.789
1.231	0.802
1.212	0.82
1.253	0.829
1.208	0.845
1.21	0.855
1.203	0.865
1.248	0.87
1.263	0.876
1.317	0.883
1.386	0.888
1.529	0.894
1.538	0.894
1.579	0.896
1.57	0.897
1.587	0.897
1.553	0.907
1.581	0.907
1.576	0.909
1.587	0.914
1.622	0.918
1.606	0.922
1.611	0.923
1.594	0.918
1.64	0.924
1.568	0.926
1.576	0.931
4.861	0.554
4.757	0.547
4.673	0.542
4.602	0.539
4.539	0.543
4.466	0.548
4.411	0.553
4.39	0.553
4.372	0.552
4.358	0.556
4.349	0.557
4.341	0.564
4.335	0.567
4.332	0.57
4.325	0.576
4.36	0.575
4.291	0.576
4.2	0.578
4.06	0.581
3.93	0.582
3.8	0.583
3.749	0.579
3.694	0.577
3.62	0.583
3.557	0.584
6.255	0.385
6.132	0.404
3.724	0.633
3.618	0.641
3.479	0.645
3.372	0.65
3.258	0.654
3.172	0.654
2.991	0.649
2.734	0.642
2.63	0.634
2.559	0.626
2.413	0.618
2.373	0.613
2.324	0.614
2.358	0.61
2.436	0.613
2.512	0.616
2.548	0.622
2.545	0.632
2.679	0.643
2.501	0.657
2.445	0.669
2.436	0.683
2.447	0.696
2.428	0.705
2.424	0.713
2.359	0.722
2.261	0.722
2.283	0.726
2.27	0.732
2.264	0.742
2.257	0.724
2.248	0.721
2.227	0.737
2.216	0.741
3.0926561	0.6497253
3.0234342	0.6547653
2.9468284	0.65902275
2.8958113	0.66415447
2.8373249	0.66946566
2.7832248	0.6756636
2.7173157	0.6810407
2.6641014	0.6869894
2.6121128	0.6915652
2.5410109	0.69540364
2.4663107	0.70062786
2.3946426	0.7054202
2.3303409	0.71004105
2.2708218	0.7139729
2.2341845	0.7216664
2.2016697	0.727708
2.1590602	0.73351294
2.119132	0.74158055
2.091469	0.7485009
2.0648005	0.7512326
2.039334	0.75787014
2.0225012	0.7633919
1.9935387	0.7674748
1.97674	0.7731587
1.9739044	0.7760436
1.9556609	0.7772507
1.9023213	0.7784721
1.8909783	0.7811188
1.8756915	0.7836532
1.8225799	0.78433996
1.7524793	0.7736417
1.729807	0.77192116
1.7115034	0.7865941
1.6984931	0.79245985
1.603	0.738
1.702	0.749
1.738	0.759
1.683	0.77
1.67	0.779
1.646	0.789
1.599	0.801
1.555	0.812
1.497	0.809
1.469	0.821
1.467	0.83
1.342	0.838
1.227	0.846
1.199	0.852
1.164	0.859
1.115	0.866
1.145	0.871
1.215	0.876
1.19	0.878
1.178	0.881
1.226	0.894
1.258	0.899
1.274	0.901
1.206	0.905
1.197	0.91
1.202	0.914
1.14	0.918
1.035	0.922
0.951	0.924
0.881	0.927
0.812	0.928
0.783	0.933
0.78	0.928
0.72	0.937
5.318	0.42
5.193	0.422
5.061	0.389
4.939	0.391
4.818	0.343
4.695	0.317
4.579	0.297
4.483	0.292
4.37	0.371
4.26	0.403
4.16	0.398
4.047	0.393
3.964	0.388
3.864	0.388
1.358	0.766
1.325	0.774
1.306	0.781
1.253	0.789
1.19	0.798
1.153	0.804
1.139	0.811
1.145	0.816
1.131	0.821
1.165	0.825
1.21	0.833
1.231	0.839
1.251	0.844
1.293	0.846
1.313	0.852
1.329	0.857
1.36	0.862
1.379	0.864
1.436	0.865
1.381	0.867
1.366	0.875
1.34	0.879
1.318	0.881
1.277	0.886
1.315	0.89
1.33	0.895
1.332	0.9
1.305	0.902
1.26	0.905
1.23	0.91
1.186	0.901
1.188	0.912
1.205	0.911
1.213	0.918
2.541	0.638
2.514	0.642
2.487	0.65
2.438	0.658
2.405	0.664
2.353	0.667
2.285	0.672
2.215	0.679
2.136	0.685
2.142	0.692
2.213	0.702
2.283	0.704
2.31	0.709
2.301	0.713
2.271	0.695
2.263	0.721
2.292	0.724
2.295	0.729
2.232	0.73
2.179	0.723
2.134	0.748
2.144	0.753
2.173	0.759
2.178	0.764
2.134	0.767
2.09	0.769
2.062	0.772
2.044	0.777
2.033	0.782
2.022	0.781
2.007	0.78
1.995	0.777
1.984	0.777
1.974	0.776
5.212	0.456
5.173	0.469
5.141	0.479
5.087	0.476
5.031	0.482
4.965	0.488
4.912	0.496
4.898	0.498
4.829	0.502
4.761	0.506
4.681	0.515
4.617	0.517
4.542	0.513
4.457	0.512
4.384	0.516
4.323	0.511
2.738	0.679
2.712	0.685
2.727	0.69
2.735	0.697
2.727	0.701
2.712	0.704
2.688	0.707
2.667	0.708
2.669	0.711
2.651	0.714
2.62	0.715
2.57	0.718
2.5	0.716
2.431	0.715
2.381	0.719
2.347	0.72
2.314	0.714
2.295	0.697
2.274	0.719
2.249	0.722
2.121	0.818
2.109	0.821
2.078	0.829
1.987	0.85
1.878	0.862
1.73	0.869
1.6	0.877
1.527	0.888
1.506	0.901
1.501	0.906
1.542	0.912
1.569	0.915
1.648	0.918
1.712	0.923
1.751	0.908
1.772	0.911
1.848	0.915
1.877	0.917
1.905	0.913
1.932	0.912
1.973	0.918
1.902	0.92
1.9	0.92
1.885	0.94
1.876	0.943
1.847	0.945
1.846	0.947
1.785	0.949
1.754	0.95
1.709	0.955
1.671	0.951
1.668	0.958
1.538	0.959
1.43	0.959
1.578	0.858
1.582	0.86
1.572	0.863
1.51	0.867
1.488	0.87
1.478	0.872
1.497	0.875
1.477	0.88
1.469	0.886
1.48	0.889
1.486	0.892
1.388	0.895
1.383	0.896
1.382	0.901
1.409	0.906
1.416	0.909
1.432	0.918
1.452	0.926
1.478	0.934
1.492	0.942
1.517	0.945
1.513	0.946
1.52	0.949
1.514	0.952
1.534	0.956
1.537	0.957
1.54	0.959
1.519	0.96
1.513	0.962
1.478	0.965
1.466	0.963
1.526	0.968
1.395	0.966
1.433	0.97
5.561	0.572
5.342	0.577
5.141	0.582
4.994	0.583
4.856	0.587
4.697	0.587
4.536	0.59
4.371	0.593
4.25	0.595
4.144	0.595
4.068	0.594
3.976	0.602
3.865	0.61
3.763	0.621
3.679	0.635
3.605	0.646
3.562	0.658
3.538	0.665
3.481	0.66
3.415	0.668
3.355	0.669
3.285	0.664
3.221	0.626
3.165	0.567
3.117	0.561
3.067	0.549
3.012	0.552
2.972	0.551
2.932	0.557
2.878	0.569
2.837	0.57
2.798	0.571
2.746	0.571
2.712	0.564
4.921	0.549
4.792	0.538
4.664	0.547
3.94	0.528
4.06	0.536
4.07	0.541
3.85	0.546
3.49	0.554
3.49	0.563
3.47	0.575
3.42	0.587
3.507	0.598
3.398	0.611
3.341	0.62
3.367	0.625
3.388	0.634
3.43	0.634
3.457	0.639
3.456	0.644
3.421	0.649
3.433	0.655
3.459	0.657
3.459	0.658
3.384	0.661
3.29	0.666
3.294	0.67
3.281	0.673
3.211	0.664
3.17	0.672
3.127	0.687
3.072	0.691
6.201	0.381
6.135	0.382
6.078	0.381
5.997	0.382
5.894	0.38
5.822	0.38
5.826	0.383
5.836	0.388
5.811	0.396
5.747	0.404
5.67	0.414
5.617	0.422
5.57	0.433
5.578	0.444
5.597	0.455
5.579	0.465
5.511	0.477
5.403	0.486
5.324	0.495
5.26	0.504
5.225	0.513
5.141	0.516
5.137	0.519
5.156	0.521
5.122	0.521
5.025	0.52
5.006	0.52
4.988	0.528
4.932	0.537
4.866	0.546
4.801	0.554
4.734	0.548
4.671	0.554
4.606	0.555
2.065	0.584
2.036	0.593
2.008	0.603
1.967	0.612
1.928	0.62
1.888	0.628
1.865	0.634
1.845	0.639
1.815	0.642
1.768	0.65
1.734	0.657
1.711	0.667
1.688	0.678
1.673	0.69
1.665	0.699
1.644	0.707
1.631	0.71
1.616	0.721
1.587	0.723
1.565	0.725
1.562	0.742
1.571	0.747
1.563	0.75
1.526	0.752
1.484	0.784
1.451	0.788
1.4	0.792
1.363	0.794
1.323	0.796
1.285	0.8
1.259	0.798
1.234	0.8
1.221	0.792
1.212	0.798
6.067132	0.412
5.986704	0.415
5.885765	0.406
5.782153	0.404
5.672271	0.413
5.564586	0.425
5.458922	0.433
5.362601	0.441
5.287873	0.442
5.226114	0.446
5.1652	0.448
5.12801	0.452
5.09187	0.455
5.047961	0.46
4.994707	0.461
5.037823	0.46
5.076201	0.465
5.102	0.458
5.100197	0.465
5.104276	0.473
5.087324	0.483
4.984234	0.495
4.853789	0.5
4.753612	0.507
4.701602	0.514
4.661566	0.523
4.633942	0.528
4.576231	0.534
4.513072	0.542
4.450408	0.549
4.386312	0.554
4.323871	0.56
4.253183	0.567
4.192401	0.571
4.929	0.641
4.852	0.649
4.787	0.654
4.726	0.66
4.658	0.67
4.563	0.675
4.455	0.678
4.378	0.68
4.309	0.685
4.228	0.688
4.159	0.688
4.127	0.693
4.138	0.7
4.175	0.703
4.186	0.705
4.195	0.706
4.141	0.708
4.086	0.71
4.012	0.717
3.946	0.718
3.879	0.724
3.829	0.731
3.768	0.735
3.696	0.737
3.619	0.74
3.54	0.743
3.463	0.749
3.388	0.755
3.326	0.759
3.274	0.763
3.234	0.765
3.198	0.763
3.171	0.764
3.129	0.769
2.394	0.661
2.29	0.665
2.213	0.665
2.129	0.667
2.064	0.672
1.967	0.677
1.894	0.684
1.831	0.692
1.784	0.7
1.76	0.708
1.732	0.714
1.705	0.721
1.672	0.73
1.648	0.74
1.627	0.75
1.625	0.756
1.624	0.766
1.622	0.774
1.617	0.782
1.618	0.782
1.614	0.789
1.611	0.792
1.609	0.796
1.603	0.802
1.602	0.805
1.598	0.808
1.601	0.806
1.594	0.806
1.588	0.803
1.578	0.805
1.572	0.8
1.559	0.796
1.544	0.805
1.532	0.807
3.441	0.569
3.31	0.575
3.189	0.582
3.058	0.587
2.874	0.598
2.67	0.606
2.488	0.616
2.338	0.623
2.197	0.636
2.082	0.646
2.025	0.654
1.975	0.661
1.941	0.667
1.956	0.673
1.95	0.683
1.953	0.69
1.952	0.697
1.957	0.703
1.975	0.709
2.004	0.713
2.075	0.717
2.189	0.718
2.277	0.72
2.31	0.722
2.316	0.725
2.306	0.728
2.275	0.733
2.205	0.737
2.133	0.742
2.1	0.74
2	0.733
1.8	0.728
1.847	0.745
1.832	0.746
3.107	0.598
3.003	0.602
2.939	0.608
2.916	0.615
2.874	0.616
2.835	0.623
2.779	0.63
2.744	0.638
2.707	0.649
2.63	0.652
2.487	0.669
2.392	0.675
2.268	0.685
2.202	0.691
2.197	0.696
2.197	0.701
2.193	0.711
2.183	0.719
2.167	0.721
2.145	0.728
2.08	0.75
2.047	0.764
2.109	0.772
2.107	0.802
2.186	0.813
2.157	0.821
2.115	0.826
2.082	0.833
2.004	0.838
1.886	0.841
1.768	0.838
1.708	0.841
1.625	0.853
1.625	0.853
2.706	0.653
2.724	0.662
2.734	0.673
2.75	0.683
2.794	0.69
2.848	0.7
2.9	0.709
2.955	0.714
3.007	0.716
3.023	0.719
3.033	0.725
2.99	0.729
2.934	0.732
2.875	0.735
2.834	0.741
2.793	0.744
2.754	0.754
2.728	0.761
2.69	0.764
3.75	0.566
3.789	0.57
3.86	0.566
3.922	0.579
3.923	0.586
3.963	0.587
3.951	0.587
3.952	0.595
3.951	0.605
3.919	0.608
3.841	0.61
3.749	0.613
3.637	0.621
3.579	0.621
3.553	0.621
3.546	0.621
3.525	0.625
3.446	0.63
3.415	0.636
3.425	0.635
3.442	0.636
3.463	0.641
3.47	0.642
3.389	0.647
3.33	0.65
3.308	0.658
3.297	0.664
3.301	0.668
3.328	0.672
3.331	0.681
3.309	0.681
3.277	0.681
3.244	0.686
3.208	0.689
7.014	0.342
6.943	0.345
6.913	0.339
6.886	0.347
6.899	0.35
6.871	0.356
6.835	0.367
6.856	0.376
6.837	0.386
6.825	0.398
6.788	0.407
6.757	0.418
6.735	0.432
6.671	0.446
6.612	0.461
6.525	0.47
6.429	0.481
6.326	0.492
6.202	0.502
6.124	0.509
6.019	0.514
5.885	0.522
5.729	0.526
5.563	0.532
5.408	0.539
5.251	0.547
5.112	0.553
4.987	0.557
4.867	0.563
4.744	0.569
4.621	0.571
4.51	0.573
4.388	0.578
4.283	0.582
1.845	0.75
1.773	0.743
1.674	0.733
1.564	0.721
1.471	0.706
1.399	0.702
1.333	0.701
1.271	0.706
1.206	0.71
1.127	0.714
1.108	0.716
1.092	0.728
1.127	0.736
1.173	0.745
1.215	0.751
1.221	0.757
1.297	0.762
1.343	0.77
1.444	0.776
1.47	0.773
1.436	0.782
1.464	0.786
1.528	0.789
1.515	0.789
1.466	0.788
1.387	0.778
1.391	0.78
1.3	0.785
1.233	0.784
1.218	0.789
1.208	0.783
1.148	0.772
0.897	0.772
0.977	0.779
4.506	0.713
4.251	0.724
4.088	0.729
3.819	0.736
3.761	0.742
3.278	0.747
3.06	0.753
2.825	0.761
2.765	0.77
2.793	0.78
2.733	0.79
2.622	0.798
2.541	0.805
2.491	0.81
2.385	0.815
2.232	0.819
1.958	0.823
1.792	0.827
1.516	0.831
1.582	0.832
1.565	0.835
1.539	0.839
1.532	0.843
1.527	0.846
1.483	0.853
1.417	0.857
1.366	0.861
1.35	0.884
1.288	0.901
1.247	0.915
1.289	0.909
1.162	0.903
1.148	0.921
1.2	0.94
1.829	0.812
1.817	0.816
1.793	0.824
1.758	0.827
1.737	0.836
1.709	0.835
1.722	0.841
1.722	0.849
1.711	0.856
1.682	0.862
1.641	0.87
1.624	0.876
1.633	0.881
1.698	0.886
1.747	0.897
1.761	0.903
1.812	0.902
1.863	0.905
1.905	0.91
1.893	0.915
1.918	0.921
1.911	0.916
1.909	0.917
1.83	0.931
1.811	0.932
1.801	0.931
1.785	0.934
1.735	0.937
1.676	0.936
1.632	0.941
1.571	0.93
1.583	0.941
1.56	0.946
1.56	0.946
2.072	0.878
2.059	0.878
2.039	0.882
2.01	0.884
1.988	0.887
1.965	0.888
1.96	0.89
1.956	0.893
1.98	0.895
1.99	0.895
2.03	0.895
2.011	0.897
2.003	0.898
2.025	0.9
2.031	0.905
2.04	0.907
2.087	0.911
2.096	0.914
2.053	0.914
1.987	0.915
1.916	0.919
1.879	0.92
1.862	0.923
1.84	0.925
1.848	0.926
1.832	0.928
1.804	0.929
1.753	0.931
1.715	0.934
1.684	0.936
1.616	0.925
1.634	0.921
1.665	0.93
1.624	0.938
1.95	0.6285039
1.893	0.63662523
1.875	0.645688
1.862	0.65426606
1.875	0.66330206
1.879	0.6755118
1.886	0.6853619
1.902	0.6958714
1.925	0.7032563
1.935	0.71126586
1.927	0.72018623
1.931	0.7270223
2.009	0.73412
1.962	0.7406829
1.991	0.7478326
1.928	0.7533915
1.956	0.7588624
1.943	0.7643767
1.804	0.7702497
1.762	0.7744862
1.619	0.7720838
1.554	0.77544844
1.501	0.7832832
1.479	0.78573513
2.477	0.713
2.454	0.717
2.432	0.719
2.408	0.722
2.425	0.727
2.401	0.729
2.364	0.736
2.328	0.747
2.271	0.757
2.248	0.76
2.196	0.764
2.161	0.771
2.16	0.775
2.116	0.78
2.093	0.779
2.097	0.778
2.07	0.777
2.048	0.78
2.03	0.783
2.018	0.787
2.011	0.796
1.987	0.801
2.012	0.804
2.034	0.812
2.026	0.816
2.041	0.818
1.966	0.821
1.824	0.827
1.681	0.826
1.567	0.83
1.497	0.837
1.446	0.837
1.425	0.852
1.409	0.862
2.696	0.603
2.61	0.61
2.575	0.618
2.503	0.625
2.496	0.632
2.438	0.638
2.461	0.644
2.573	0.658
2.635	0.663
2.559	0.672
2.442	0.681
2.354	0.686
2.337	0.692
2.445	0.698
2.546	0.703
2.583	0.707
2.564	0.714
2.57	0.719
2.713	0.725
2.869	0.73
3.062	0.723
3.273	0.727
3.396	0.737
3.5	0.74
4.133	0.561
4.1	0.567
4.117	0.57
4.159	0.578
4.157	0.579
4.126	0.582
4.093	0.587
4.059	0.587
4.039	0.592
3.999	0.597
3.952	0.599
3.915	0.603
3.875	0.607
3.834	0.612
3.79	0.622
3.738	0.617
3.696	0.615
3.647	0.621
3.596	0.621
3.448	0.658
3.37	0.669
3.292	0.676
3.218	0.68
3.147	0.681
3.082	0.687
3.022	0.69
2.967	0.698
2.912	0.7
2.856	0.698
2.79	0.703
2.779	0.708
2.739	0.716
2.703	0.707
2.639	0.718
2.629	0.728
2.595	0.736
2.524	0.753
2.475	0.759
2.422	0.76
2.396	0.764
2.398	0.77
2.379	0.772
2.334	0.773
2.296	0.77
2.253	0.768
2.217	0.761
2.183	0.749
2.151	0.741
2.131	0.724
2.116	0.699
2.105	0.696
2.088	0.706
2.079	0.709
3.602	0.499
3.524	0.509
3.353	0.521
3.172	0.531
2.941	0.543
2.7	0.556
2.468	0.567
2.274	0.578
2.098	0.588
1.999	0.596
2.028	0.604
2.023	0.612
2.006	0.621
1.999	0.63
1.968	0.638
1.887	0.647
1.873	0.656
1.911	0.664
1.933	0.672
1.92	0.679
1.906	0.686
1.927	0.693
1.967	0.698
1.98	0.704
2.09	0.711
2.1	0.717
2	0.723
1.985	0.729
1.88	0.737
1.943	0.744
1.957	0.755
1.942	0.754
1.927	0.764
1.913	0.766
3.31	0.608
3.131	0.611
3.044	0.614
2.98	0.617
2.933	0.62
2.889	0.625
2.846	0.631
2.809	0.636
2.776	0.641
2.75	0.646
2.754	0.651
2.714	0.657
2.684	0.662
2.659	0.669
2.647	0.675
2.63	0.681
2.625	0.688
2.623	0.694
2.626	0.698
2.621	0.701
2.602	0.707
2.588	0.713
2.607	0.717
2.572	0.721
2.564	0.726
2.537	0.731
2.536	0.735
2.504	0.739
2.437	0.741
2.397	0.745
2.322	0.742
2.291	0.742
2.265	0.752
2.251	0.756
8.606	0.359
8.459	0.364
8.272	0.37
8.048	0.377
7.795	0.382
7.525	0.393
7.004	0.405
6.82	0.413
6.639	0.423
6.489	0.429
6.317	0.439
6.143	0.449
5.971	0.458
5.839	0.467
5.712	0.475
5.563	0.481
5.412	0.486
5.261	0.489
5.113	0.492
5.004	0.497
4.81	0.502
4.63	0.501
4.633	0.503
4.623	0.507
4.62	0.502
4.617	0.475
4.613	0.467
4.61	0.459
4.607	0.454
4.603	0.458
4.6	0.459
4.597	0.458
4.593	0.466
4.59	0.47
6.567	0.422
6.458	0.416
6.349	0.414
6.298	0.417
6.26	0.413
6.232	0.413
6.182	0.415
6.124	0.418
6.067	0.418
5.998	0.423
5.921	0.429
5.848	0.437
5.774	0.445
5.71	0.458
5.698	0.468
5.697	0.48
5.679	0.492
5.613	0.504
5.53	0.514
5.453	0.526
5.359	0.533
5.256	0.538
5.136	0.551
5.014	0.557
4.89	0.559
4.775	0.565
4.669	0.565
4.567	0.57
4.492	0.575
4.418	0.578
4.323	0.578
4.246	0.574
4.175	0.589
4.101	0.595
4.876	0.5
4.715	0.502
4.567	0.487
4.391	0.483
4.284	0.482
4.153	0.477
4.11	0.472
4.075	0.472
4.067	0.467
4.056	0.462
4.009	0.458
3.983	0.456
3.925	0.459
3.862	0.45
3.776	0.453
3.693	0.455
3.635	0.457
3.677	0.459
3.783	0.456
3.95	0.488
4.04	0.512
4.126	0.529
4.134	0.545
4.111	0.554
4.011	0.56
3.911	0.567
3.828	0.57
3.768	0.575
3.744	0.586
3.748	0.584
3.754	0.582
3.765	0.581
3.767	0.594
3.724	0.598
