X_daily_mean_temperature_C	Y_daily_mean_ozone_ug_m3
29.2	31.0
29.9	25.0
29.0	23.0
29.8	31.0
30.1	34.0
30.0	37.0
26.8	35.0
27.7	34.0
28.6	40.0
29.4	36.0
29.8	42.0
30.2	37.0
30.4	32.0
29.8	34.0
28.0	50.0
29.3	41.0
28.6	30.0
29.1	35.0
29.5	35.0
29.9	39.0
30.0	35.0
30.2	30.0
30.4	34.0
30.3	35.0
30.4	38.0
30.2	28.0
30.3	28.0
30.2	35.0
30.4	38.0
30.5	29.0
30.7	35.0
30.2	32.0
30.2	42.0
29.2	33.0
29.8	33.0
30.0	36.0
30.1	31.0
30.1	32.0
30.0	31.0
30.1	30.0
30.3	22.0
30.4	31.0
30.4	31.0
30.5	30.0
30.6	39.0
30.5	34.0
30.4	28.0
30.3	23.0
30.4	25.0
30.3	31.0
29.9	30.0
30.4	30.0
30.0	24.0
31.0	33.0
30.8	31.0
30.7	37.0
30.8	32.0
30.5	29.0
30.8	28.0
30.5	28.0
30.2	43.0
27.9	31.0
27.7	35.0
27.5	45.0
26.5	21.0
27.5	21.0
27.8	25.0
29.1	15.0
30.1	20.0
30.5	26.0
29.9	31.0
30.0	35.0
30.3	28.0
27.8	32.0
28.1	27.0
29.3	31.0
29.8	34.0
30.1	33.0
28.2	22.0
27.3	25.0
26.6	40.0
29.0	26.0
29.8	54.0
29.7	42.0
29.8	29.0
30.2	52.0
30.6	62.0
29.7	46.0
28.5	93.0
28.9	91.0
29.9	108.0
29.6	87.0
29.8	42.0
30.3	116.0
30.0	108.0
30.2	93.0
29.8	72.0
28.4	81.0
29.1	62.0
29.4	38.0
27.1	13.0
27.9	15.0
28.5	21.0
28.9	24.0
28.2	35.0
28.4	66.0
28.1	72.0
27.3	33.0
29.5	18.0
28.7	15.0
28.3	15.0
27.2	18.0
28.6	29.0
27.4	35.0
28.6	67.0
29.1	62.0
28.5	45.0
28.3	40.0
28.0	83.0
27.7	70.0
26.6	59.0
26.9	62.0
27.4	55.0
26.7	88.0
27.6	90.0
28.3	77.0
28.4	86.0
28.0	62.0
25.9	44.0
24.9	31.0
25.2	40.0
26.0	60.0
26.1	78.0
27.0	104.0
28.0	79.0
24.9	64.0
25.5	68.0
26.5	86.0
27.0	86.0
25.6	62.0
24.9	78.0
24.6	53.0
25.0	67.0
24.5	61.0
24.7	66.0
23.5	64.0
23.8	93.0
24.2	104.0
24.6	93.0
25.1	78.0
24.4	66.0
24.7	55.0
24.4	74.0
23.4	95.0
24.0	107.0
25.3	81.0
23.6	75.0
23.0	104.0
22.9	85.0
24.7	115.0
26.8	99.0
25.7	115.0
23.7	114.0
22.9	91.0
22.5	95.0
22.2	87.0
22.9	65.0
23.3	55.0
23.0	67.0
24.0	72.0
24.2	61.0
24.9	46.0
25.3	27.0
25.9	26.0
23.5	65.0
24.8	74.0
23.0	60.0
23.3	71.0
23.5	78.0
24.0	87.0
22.8	53.0
20.4	49.0
20.0	56.0
19.2	41.0
19.7	50.0
19.9	51.0
17.4	42.0
15.9	45.0
16.8	53.0
18.2	66.0
20.7	63.0
19.9	46.0
19.8	44.0
20.9	44.0
21.6	53.0
20.9	43.0
20.9	79.0
19.5	59.0
15.4	15.0
14.8	9.0
14.9	5.0
16.4	21.0
15.0	33.0
14.9	50.0
16.5	59.0
17.4	51.0
18.4	43.0
20.0	28.0
18.9	74.0
18.7	79.0
20.4	66.0
20.6	82.0
21.0	46.0
15.1	54.0
10.9	54.0
11.8	53.0
14.0	70.0
16.7	84.0
18.3	68.0
18.8	71.0
17.1	80.0
15.3	45.0
9.1	34.0
10.7	41.0
12.8	46.0
10.6	40.0
11.9	50.0
13.4	47.0
15.2	50.0
17.3	66.0
17.6	93.0
16.6	92.0
14.2	62.0
15.4	87.0
18.2	83.0
20.1	62.0
20.3	21.0
20.2	21.0
18.4	74.0
19.2	72.0
19.6	69.0
18.9	81.0
19.1	84.0
16.6	86.0
16.7	94.0
18.4	92.0
20.3	57.0
20.9	68.0
18.4	95.0
19.4	91.0
19.9	72.0
20.7	28.0
20.3	81.0
19.9	96.0
18.5	90.0
16.5	42.0
17.4	32.0
18.4	48.0
19.2	52.0
19.9	69.0
21.1	68.0
20.3	63.0
20.4	55.0
18.5	83.0
18.5	85.0
19.6	90.0
20.4	82.0
21.4	41.0
21.7	56.0
20.3	80.0
20.2	58.0
22.3	25.0
18.8	17.0
19.9	71.0
21.9	45.0
21.4	42.0
18.4	65.0
18.9	50.0
20.1	42.0
20.5	44.0
19.9	49.0
19.7	70.0
20.1	86.0
19.8	89.0
21.0	84.0
23.2	48.0
22.0	97.0
21.3	109.0
22.4	86.0
24.0	49.0
24.7	38.0
23.4	46.0
24.2	41.0
25.0	24.0
21.2	30.0
17.8	53.0
18.9	72.0
20.7	69.0
22.1	90.0
21.6	90.0
24.1	54.0
24.8	32.0
25.6	36.0
26.6	37.0
26.5	33.0
26.7	35.0
26.9	29.0
26.9	31.0
24.7	47.0
22.4	100.0
23.9	123.0
23.1	105.0
23.2	95.0
21.0	89.0
22.4	121.0
23.1	117.0
24.6	60.0
25.9	35.0
24.6	58.0
22.2	75.0
22.8	80.0
22.8	86.0
23.2	139.0
22.5	133.0
23.4	107.0
24.5	101.0
25.2	86.0
27.3	56.0
25.4	85.0
24.7	82.0
23.4	77.0
23.2	58.0
24.4	42.0
24.1	66.0
25.6	69.0
26.3	100.0
26.5	80.0
24.3	73.0
26.6	43.0
26.6	84.0
25.2	97.0
26.6	63.0
27.7	56.0
28.3	49.0
28.4	37.0
29.2	39.0
29.6	37.0
29.5	38.0
30.0	44.0
29.9	51.0
30.2	43.0
30.4	32.0
30.2	36.0
30.3	43.0
30.5	37.0
30.7	32.0
30.5	37.0
31.4	42.0
29.8	30.0
28.8	19.0
30.1	35.0
30.3	35.0
30.6	37.0
30.2	39.0
30.3	45.0
29.6	47.0
26.5	35.0
28.3	35.0
30.3	40.0
28.4	30.0
27.3	88.0
28.2	179.0
28.7	102.0
29.3	77.0
27.9	44.0
28.8	31.0
29.1	32.0
27.7	38.0
28.9	40.0
29.3	47.0
29.6	48.0
30.6	46.0
30.4	49.0
30.6	52.0
30.6	57.0
30.7	65.0
30.4	63.0
27.0	48.0
26.4	46.0
26.0	36.0
27.1	31.0
27.9	30.0
29.4	49.0
27.7	38.0
29.6	44.0
30.1	46.0
30.3	52.0
30.6	55.0
30.4	54.0
30.4	47.0
30.2	25.0
29.4	22.0
29.4	43.0
29.8	38.0
30.5	35.0
30.5	31.0
30.6	29.0
30.9	33.0
31.1	34.0
30.7	40.0
31.3	28.0
29.6	26.0
28.8	24.0
26.9	33.0
26.5	30.0
26.2	37.0
26.8	42.0
29.3	30.0
30.3	123.0
29.8	114.0
29.6	94.0
30.7	71.0
31.3	110.0
30.8	76.0
29.5	53.0
28.8	38.0
29.7	57.0
29.4	62.0
30.0	59.0
28.2	45.0
28.2	68.0
27.6	64.0
28.3	77.0
28.8	69.0
29.3	61.0
29.1	37.0
29.0	38.0
29.5	38.0
29.0	26.0
28.6	33.0
28.0	34.0
27.3	22.0
28.3	23.0
29.5	31.0
29.5	31.0
28.6	31.0
29.5	30.0
29.8	34.0
30.1	31.0
30.2	25.0
29.6	25.0
29.7	28.0
29.7	27.0
25.6	14.0
26.9	21.0
27.8	46.0
29.1	47.0
27.3	30.0
28.7	21.0
29.5	24.0
29.8	29.0
29.8	33.0
29.8	28.0
29.7	31.0
30.1	36.0
30.6	24.0
30.1	53.0
30.5	59.0
30.5	69.0
31.2	107.0
30.9	64.0
29.0	22.0
30.2	67.0
29.2	52.0
29.5	92.0
30.2	86.0
29.3	30.0
29.3	18.0
29.0	12.0
30.3	32.0
28.0	17.0
29.4	46.0
29.6	76.0
29.1	106.0
29.5	115.0
29.6	114.0
29.7	117.0
30.3	117.0
30.3	108.0
30.0	81.0
28.8	80.0
29.8	91.0
30.1	82.0
29.5	77.0
28.8	51.0
25.5	33.0
26.5	48.0
26.8	62.0
28.5	62.0
25.1	46.0
25.8	52.0
27.8	60.0
26.2	26.0
26.8	55.0
24.2	54.0
23.9	57.0
25.7	94.0
26.8	96.0
24.2	36.0
19.3	30.0
20.5	30.0
22.1	54.0
23.1	64.0
25.6	104.0
25.7	110.0
25.5	123.0
24.4	101.0
24.3	112.0
25.2	130.0
25.1	107.0
25.2	120.0
25.5	100.0
25.6	81.0
26.4	52.0
26.1	64.0
20.1	53.0
19.5	59.0
20.5	73.0
21.5	77.0
22.6	92.0
22.3	86.0
21.6	100.0
22.1	115.0
23.2	101.0
23.5	96.0
22.4	63.0
23.0	79.0
23.7	100.0
23.5	88.0
19.6	35.0
16.1	39.0
19.0	63.0
20.6	78.0
21.6	77.0
21.2	102.0
21.6	108.0
22.4	63.0
21.3	84.0
17.3	80.0
17.4	73.0
18.0	73.0
18.1	92.0
19.1	119.0
19.2	85.0
19.9	93.0
20.1	119.0
20.2	97.0
20.9	100.0
21.4	98.0
21.5	114.0
19.4	88.0
20.5	96.0
21.5	93.0
23.2	71.0
21.7	52.0
18.1	69.0
17.9	89.0
17.2	71.0
17.3	35.0
19.3	29.0
19.9	63.0
19.9	69.0
19.6	63.0
15.0	26.0
12.0	19.0
15.3	20.0
18.4	20.0
18.1	40.0
18.0	84.0
17.6	87.0
18.4	72.0
18.3	87.0
19.1	108.0
20.4	66.0
20.3	91.0
18.6	85.0
17.8	81.0
18.0	94.0
18.4	67.0
15.8	42.0
16.1	75.0
17.0	57.0
16.6	85.0
17.9	100.0
18.8	109.0
17.8	89.0
17.3	27.0
17.1	52.0
17.6	76.0
17.9	81.0
17.3	55.0
19.4	42.0
19.7	36.0
18.6	63.0
19.2	69.0
19.8	65.0
18.8	79.0
18.1	42.0
16.0	41.0
14.6	49.0
14.3	40.0
15.6	45.0
13.4	18.0
14.4	44.0
15.2	49.0
16.0	81.0
16.4	53.0
17.1	37.0
16.1	41.0
17.0	43.0
18.6	72.0
18.7	69.0
17.2	44.0
17.0	42.0
17.6	80.0
16.9	99.0
15.6	87.0
15.9	81.0
12.4	37.0
8.5	39.0
8.8	32.0
10.7	25.0
12.1	40.0
12.6	39.0
15.3	52.0
16.8	61.0
17.6	74.0
18.9	111.0
22.0	52.0
20.7	65.0
19.5	138.0
21.3	86.0
20.6	42.0
19.1	124.0
19.8	85.0
17.5	102.0
18.7	103.0
20.7	109.0
22.1	78.0
22.3	91.0
23.6	82.0
24.1	46.0
23.8	27.0
22.3	86.0
24.3	37.0
24.4	62.0
23.3	96.0
21.0	101.0
22.1	82.0
23.0	43.0
17.7	36.0
17.6	64.0
23.1	56.0
26.4	36.0
21.9	29.0
17.5	31.0
19.1	73.0
22.4	94.0
24.4	95.0
19.0	77.0
15.0	67.0
18.7	98.0
20.1	129.0
21.3	114.0
22.3	105.0
22.8	101.0
23.6	126.0
23.1	100.0
23.8	106.0
25.5	33.0
25.7	35.0
25.3	29.0
25.5	109.0
24.3	109.0
21.8	111.0
21.4	132.0
21.7	89.0
20.1	19.0
21.9	66.0
23.9	104.0
24.8	55.0
26.4	35.0
27.2	36.0
27.9	42.0
27.7	45.0
28.4	41.0
28.4	45.0
28.2	35.0
25.4	56.0
20.7	61.0
18.5	55.0
22.3	93.0
24.6	111.0
25.2	118.0
25.5	114.0
25.4	111.0
25.0	114.0
25.6	105.0
25.7	53.0
25.0	32.0
25.8	29.0
25.5	38.0
24.6	57.0
22.6	97.0
20.0	50.0
22.4	80.0
23.9	133.0
25.8	110.0
26.9	79.0
26.9	69.0
25.0	103.0
24.0	86.0
24.4	70.0
25.3	52.0
26.7	47.0
27.4	49.0
28.7	52.0
29.1	50.0
29.2	44.0
28.2	39.0
28.7	46.0
28.8	41.0
29.2	44.0
29.6	47.0
29.6	56.0
28.9	54.0
27.4	47.0
25.8	27.0
26.3	42.0
26.1	43.0
26.8	40.0
28.4	53.0
28.9	49.0
27.4	40.0
26.7	24.0
27.6	26.0
29.0	29.0
28.8	29.0
29.3	44.0
29.2	37.0
29.4	40.0
29.5	38.0
30.0	44.0
30.0	43.0
29.6	42.0
30.0	45.0
30.1	33.0
30.6	40.0
30.2	36.0
27.5	28.0
27.2	51.0
26.9	63.0
29.0	52.0
28.8	48.0
29.0	46.0
28.8	46.0
28.7	42.0
30.0	39.0
29.9	31.0
30.5	39.0
30.9	39.0
31.1	41.0
31.0	43.0
30.4	40.0
30.4	42.0
30.5	50.0
30.5	52.0
30.4	50.0
30.8	50.0
30.8	43.0
30.9	44.0
31.2	66.0
31.4	70.0
32.0	91.0
32.0	99.0
31.2	67.0
31.0	60.0
31.2	89.0
31.7	105.0
29.5	64.0
30.8	108.0
31.4	57.0
31.1	57.0
28.2	70.0
27.1	48.0
26.1	43.0
27.9	30.0
29.6	33.0
28.3	33.0
26.7	40.0
27.4	46.0
26.7	36.0
26.1	22.0
28.7	35.0
29.5	35.0
30.0	47.0
29.4	33.0
28.2	39.0
28.1	34.0
28.3	36.0
28.2	50.0
29.0	46.0
30.1	53.0
31.1	124.0
30.8	82.0
27.2	55.0
29.4	42.0
29.7	59.0
30.5	99.0
30.1	89.0
29.5	57.0
29.7	107.0
29.4	98.0
29.5	76.0
30.0	124.0
30.8	110.0
31.1	143.0
30.8	134.0
28.4	114.0
29.5	113.0
29.6	146.0
28.9	152.0
29.4	164.0
30.8	174.0
31.7	185.0
31.7	183.0
31.3	174.0
30.8	251.0
31.1	163.0
30.1	124.0
28.8	103.0
28.9	138.0
28.1	141.0
28.5	121.0
28.5	115.0
28.3	141.0
28.8	150.0
29.4	122.0
29.2	77.0
28.8	71.0
28.0	58.0
26.4	25.0
27.7	40.0
28.9	49.0
29.5	40.0
29.4	73.0
29.1	76.0
28.9	86.0
28.3	87.0
27.7	87.0
27.1	105.0
24.0	82.0
24.1	110.0
25.2	119.0
26.0	118.0
26.9	126.0
27.5	122.0
28.3	123.0
27.2	109.0
20.9	109.0
23.0	94.0
24.3	92.0
25.2	94.0
26.6	86.0
26.5	105.0
25.2	110.0
23.8	101.0
23.9	95.0
24.6	89.0
25.5	109.0
25.7	100.0
25.4	85.0
25.4	100.0
22.0	85.0
20.2	65.0
22.1	55.0
22.6	78.0
21.5	56.0
20.8	44.0
21.5	30.0
22.4	51.0
23.8	76.0
24.8	75.0
25.0	57.0
24.6	58.0
24.8	85.0
24.1	93.0
24.3	81.0
24.1	76.0
24.5	63.0
24.6	69.0
25.1	77.0
24.7	91.0
23.9	78.0
23.4	80.0
23.4	56.0
21.8	64.0
22.3	44.0
22.7	36.0
23.1	80.0
25.6	52.0
25.5	24.0
22.8	15.0
16.5	16.0
16.5	18.0
19.2	16.0
21.2	22.0
17.9	23.0
17.1	30.0
18.7	38.0
19.9	58.0
19.6	44.0
18.4	57.0
16.7	63.0
16.2	50.0
14.5	45.0
12.5	34.0
14.6	23.0
16.9	21.0
13.2	64.0
11.8	72.0
13.7	58.0
16.8	65.0
17.5	61.0
17.2	75.0
17.1	69.0
16.9	71.0
16.2	97.0
16.3	110.0
16.9	110.0
17.7	94.0
16.8	69.0
15.0	56.0
15.5	60.0
16.9	45.0
18.7	56.0
17.3	39.0
17.4	57.0
18.5	74.0
19.8	64.0
19.1	77.0
18.6	99.0
19.7	65.0
18.2	36.0
18.1	59.0
18.8	52.0
21.7	31.0
22.7	25.0
18.4	19.0
12.3	30.0
13.2	25.0
14.3	45.0
16.1	48.0
17.6	45.0
16.9	84.0
18.8	67.0
18.8	45.0
14.7	66.0
12.5	75.0
15.7	56.0
15.4	66.0
12.9	85.0
12.8	86.0
15.0	75.0
16.9	95.0
19.9	79.0
19.4	97.0
17.9	86.0
17.4	72.0
17.9	54.0
19.2	41.0
21.0	38.0
18.5	69.0
19.5	58.0
21.2	40.0
18.7	52.0
19.9	52.0
22.3	27.0
18.5	38.0
16.3	70.0
16.8	85.0
18.7	89.0
21.0	82.0
22.8	119.0
20.1	100.0
17.8	108.0
16.9	97.0
18.2	90.0
19.8	99.0
17.1	77.0
16.8	92.0
16.4	105.0
17.8	93.0
19.7	81.0
19.8	112.0
18.6	129.0
19.6	122.0
19.7	134.0
20.0	120.0
20.1	106.0
21.6	54.0
22.5	47.0
22.4	132.0
22.1	105.0
22.6	78.0
20.1	89.0
19.7	114.0
21.0	103.0
22.0	116.0
21.7	74.0
22.3	70.0
20.6	88.0
21.8	68.0
23.7	46.0
24.7	42.0
25.0	40.0
25.6	57.0
23.4	59.0
20.8	58.0
18.6	59.0
18.7	65.0
19.9	90.0
20.8	78.0
20.3	67.0
20.3	76.0
21.1	77.0
20.9	80.0
23.7	72.0
25.3	43.0
25.4	32.0
21.8	62.0
20.6	94.0
19.8	112.0
21.4	104.0
24.2	69.0
25.0	48.0
23.4	97.0
24.7	54.0
26.9	74.0
26.7	82.0
26.1	95.0
26.7	61.0
25.9	53.0
24.0	47.0
24.1	85.0
23.1	91.0
23.0	97.0
23.5	69.0
22.4	17.0
21.6	46.0
22.7	106.0
24.1	95.0
25.4	61.0
24.6	75.0
24.1	113.0
24.1	122.0
25.4	66.0
27.0	41.0
27.5	48.0
28.2	48.0
26.6	48.0
23.2	38.0
23.8	102.0
23.9	120.0
23.9	113.0
24.4	79.0
23.5	16.0
21.3	69.0
24.3	74.0
25.2	65.0
26.9	54.0
28.9	68.0
29.1	56.0
29.7	55.0
29.7	48.0
30.0	46.0
26.9	59.0
24.9	99.0
26.1	82.0
27.8	46.0
28.8	54.0
28.7	68.0
28.9	89.0
31.2	132.0
31.4	83.0
29.2	115.0
30.7	98.0
30.8	69.0
30.0	46.0
29.7	41.0
28.4	45.0
28.5	49.0
29.4	46.0
29.0	43.0
29.5	41.0
29.2	51.0
30.2	61.0
29.8	62.0
27.7	75.0
27.4	75.0
26.4	55.0
26.2	23.0
28.0	31.0
29.1	42.0
30.0	49.0
30.2	50.0
30.2	52.0
30.0	50.0
29.1	32.0
29.4	41.0
29.4	30.0
30.1	33.0
28.8	20.0
29.5	37.0
29.8	32.0
28.9	28.0
27.5	30.0
28.9	48.0
29.3	44.0
30.4	40.0
30.3	33.0
30.4	38.0
30.4	43.0
30.5	36.0
30.7	36.0
30.7	41.0
30.7	45.0
30.9	41.0
31.3	48.0
31.1	76.0
29.7	59.0
28.4	69.0
29.2	55.0
28.7	42.0
29.6	26.0
29.7	18.0
30.6	32.0
30.6	34.0
30.7	30.0
30.7	41.0
32.0	131.0
32.2	84.0
31.5	89.0
29.8	66.0
29.2	45.0
29.1	32.0
29.3	40.0
30.4	53.0
30.8	46.0
30.5	47.0
30.4	53.0
30.3	58.0
30.1	53.0
30.3	59.0
30.3	62.0
29.2	47.0
27.8	55.0
29.0	58.0
28.5	58.0
29.4	59.0
29.9	50.0
30.6	48.0
30.0	59.0
29.2	52.0
28.8	43.0
29.7	38.0
29.6	31.0
30.0	41.0
30.4	44.0
29.1	32.0
29.3	25.0
29.7	29.0
29.4	43.0
29.9	46.0
29.0	40.0
28.9	63.0
29.2	53.0
26.9	54.0
26.2	86.0
29.4	50.0
29.9	76.0
29.1	41.0
29.4	76.0
27.7	40.0
25.7	62.0
26.2	60.0
25.8	43.0
26.5	22.0
27.0	25.0
27.9	30.0
26.9	21.0
27.3	25.0
27.1	37.0
28.5	39.0
29.2	31.0
29.5	35.0
29.6	31.0
30.0	58.0
30.2	68.0
30.1	59.0
29.9	54.0
29.8	60.0
30.0	71.0
30.3	69.0
30.3	67.0
29.8	66.0
30.0	71.0
30.0	80.0
29.5	111.0
29.3	106.0
30.8	111.0
30.5	73.0
28.3	83.0
25.1	52.0
24.2	60.0
24.5	55.0
25.3	52.0
25.6	58.0
25.7	62.0
26.7	59.0
26.6	70.0
26.9	103.0
26.5	127.0
25.8	140.0
24.6	122.0
25.3	93.0
25.9	54.0
23.3	50.0
24.5	85.0
26.0	97.0
26.8	87.0
26.6	90.0
26.2	82.0
26.6	70.0
25.8	90.0
25.3	114.0
26.1	103.0
25.8	113.0
25.8	103.0
25.8	94.0
26.0	95.0
26.3	82.0
26.7	73.0
27.6	75.0
25.9	90.0
25.2	110.0
25.7	95.0
26.9	71.0
25.3	67.0
24.0	49.0
22.0	39.0
20.8	33.0
22.8	77.0
21.5	58.0
18.8	77.0
19.5	78.0
20.5	101.0
21.3	115.0
22.0	104.0
22.6	86.0
23.0	87.0
22.9	124.0
21.9	105.0
22.1	97.0
23.0	77.0
22.8	95.0
22.7	111.0
23.8	90.0
21.5	59.0
20.0	46.0
21.4	88.0
21.9	61.0
21.7	44.0
21.5	44.0
21.0	69.0
21.4	109.0
22.9	100.0
23.9	91.0
24.2	38.0
24.7	55.0
22.3	64.0
23.1	73.0
24.4	54.0
18.9	41.0
13.4	29.0
17.3	41.0
16.8	15.0
13.6	32.0
10.9	29.0
10.5	56.0
11.0	50.0
13.3	61.0
14.9	78.0
16.6	80.0
18.7	65.0
20.1	75.0
19.4	79.0
20.7	79.0
21.8	40.0
19.9	130.0
18.7	92.0
18.8	68.0
17.0	82.0
18.8	79.0
20.2	54.0
19.9	128.0
19.1	114.0
20.5	75.0
20.3	68.0
18.9	86.0
18.9	111.0
19.6	107.0
20.7	90.0
20.9	96.0
18.7	98.0
19.2	78.0
21.2	65.0
21.1	77.0
21.4	60.0
19.1	55.0
15.0	34.0
7.9	34.0
9.2	38.0
12.3	30.0
15.0	35.0
15.5	35.0
13.7	34.0
15.9	38.0
18.3	54.0
19.3	50.0
21.1	26.0
21.7	28.0
19.6	60.0
19.8	52.0
20.4	51.0
19.1	61.0
16.8	35.0
13.0	11.0
12.7	22.0
14.4	43.0
17.4	62.0
18.1	92.0
19.2	94.0
21.0	77.0
22.3	63.0
20.4	54.0
19.5	70.0
21.6	56.0
22.7	24.0
23.9	47.0
24.5	47.0
23.6	26.0
20.4	31.0
18.8	24.0
18.2	31.0
17.6	42.0
18.3	72.0
18.7	39.0
13.3	38.0
12.0	36.0
16.1	64.0
19.7	60.0
24.3	49.0
22.9	15.0
18.7	31.0
18.8	70.0
16.6	104.0
16.0	82.0
17.2	45.0
19.3	73.0
19.4	111.0
19.8	105.0
20.2	88.0
20.7	61.0
23.1	34.0
21.0	39.0
21.2	68.0
20.8	91.0
20.7	111.0
22.5	79.0
24.7	54.0
26.4	58.0
25.9	40.0
26.2	50.0
22.4	104.0
24.7	56.0
25.5	62.0
26.4	49.0
27.1	30.0
27.3	42.0
27.0	49.0
27.3	41.0
27.2	44.0
26.5	52.0
24.4	61.0
25.4	48.0
25.1	33.0
22.9	33.0
23.7	105.0
24.5	101.0
25.8	71.0
26.9	45.0
27.7	56.0
27.7	44.0
27.9	42.0
28.4	46.0
26.9	48.0
27.6	46.0
27.4	50.0
23.9	52.0
25.2	14.0
25.4	31.0
25.9	35.0
26.6	45.0
27.3	33.0
28.8	30.0
25.4	72.0
27.7	41.0
28.6	35.0
23.7	60.0
24.6	86.0
24.3	97.0
24.0	75.0
25.3	71.0
27.7	35.0
27.2	67.0
26.7	103.0
25.8	147.0
25.3	114.0
26.7	79.0
27.1	46.0
26.4	60.0
25.5	115.0
26.4	142.0
26.2	163.0
25.9	108.0
26.3	112.0
25.1	95.0
24.5	57.0
25.3	32.0
26.1	21.0
25.9	46.0
25.3	36.0
26.3	22.0
27.4	33.0
28.4	41.0
28.1	61.0
25.8	114.0
25.5	79.0
27.2	47.0
27.1	68.0
28.0	78.0
25.3	76.0
24.1	99.0
24.4	75.0
26.5	56.0
25.6	78.0
26.3	64.0
26.6	27.0
28.5	34.0
29.1	52.0
29.5	59.0
29.9	62.0
29.7	61.0
28.2	51.0
28.8	41.0
30.1	45.0
29.9	53.0
30.0	46.0
30.0	42.0
30.8	40.0
31.2	46.0
30.5	47.0
30.8	45.0
30.1	38.0
30.4	33.0
30.7	32.0
31.0	42.0
29.2	34.0
30.3	38.0
30.6	51.0
30.5	48.0
30.5	34.0
30.2	34.0
30.7	37.0
30.8	24.0
31.6	38.0
31.1	50.0
31.0	51.0
30.6	39.0
30.2	39.0
29.5	43.0
30.7	35.0
30.3	34.0
29.7	22.0
29.0	31.0
29.5	31.0
28.4	26.0
29.0	10.0
30.3	17.0
30.1	29.0
30.6	33.0
30.7	44.0
30.3	68.0
30.9	73.0
29.8	59.0
28.7	40.0
27.1	30.0
27.6	27.0
27.6	30.0
28.1	32.0
30.2	54.0
29.8	49.0
30.4	49.0
30.7	64.0
31.8	89.0
30.6	56.0
30.7	53.0
30.7	51.0
30.4	42.0
30.5	55.0
30.3	61.0
29.2	40.0
29.7	35.0
29.2	27.0
27.7	17.0
27.7	24.0
27.3	38.0
28.3	63.0
28.0	56.0
27.5	50.0
27.1	30.0
28.9	21.0
29.3	29.0
30.2	46.0
30.1	34.0
30.3	58.0
30.6	69.0
30.7	105.0
30.5	84.0
30.3	72.0
29.6	33.0
30.1	27.0
30.6	59.0
30.2	114.0
29.7	92.0
30.4	61.0
27.6	60.0
29.2	43.0
28.2	35.0
27.8	37.0
29.4	50.0
30.4	53.0
29.8	45.0
30.4	66.0
29.2	44.0
29.3	114.0
28.5	57.0
30.8	59.0
29.7	62.0
30.2	70.0
29.8	60.0
27.7	33.0
27.1	41.0
25.7	38.0
26.7	26.0
28.5	57.0
29.4	91.0
29.9	86.0
29.1	87.0
29.2	97.0
30.5	110.0
30.9	60.0
27.4	82.0
26.1	108.0
27.0	97.0
27.9	97.0
29.2	92.0
29.3	92.0
28.2	101.0
26.4	59.0
27.0	77.0
25.3	118.0
27.0	152.0
27.5	113.0
28.0	84.0
28.1	82.0
28.2	85.0
27.8	76.0
28.3	66.0
29.2	88.0
27.9	82.0
27.8	89.0
28.3	81.0
25.7	69.0
24.8	92.0
26.0	93.0
26.6	65.0
27.3	68.0
25.8	43.0
25.3	57.0
26.2	70.0
27.1	85.0
26.8	82.0
25.1	71.0
26.0	103.0
26.2	122.0
26.0	93.0
25.0	113.0
23.9	109.0
24.1	93.0
25.2	90.0
24.9	67.0
24.9	79.0
25.9	110.0
25.0	45.0
24.8	55.0
24.2	28.0
25.5	28.0
24.3	54.0
24.2	43.0
20.1	24.0
18.1	18.0
19.2	22.0
20.2	30.0
20.4	44.0
21.4	70.0
22.3	56.0
20.8	46.0
19.2	58.0
19.2	76.0
18.8	77.0
19.0	85.0
19.7	121.0
21.0	121.0
21.9	100.0
22.2	101.0
21.7	97.0
21.4	86.0
20.7	67.0
18.3	64.0
18.7	53.0
20.6	88.0
22.3	69.0
19.5	60.0
18.5	63.0
15.5	75.0
14.8	78.0
16.3	57.0
17.9	76.0
18.6	85.0
15.6	89.0
14.9	90.0
16.9	87.0
15.8	105.0
16.5	73.0
17.4	77.0
18.5	61.0
20.1	37.0
19.2	74.0
16.9	92.0
15.4	120.0
17.7	96.0
19.8	91.0
17.8	117.0
19.1	77.0
18.8	107.0
17.6	112.0
18.8	91.0
18.2	106.0
17.3	112.0
17.8	112.0
17.7	102.0
15.1	73.0
14.0	83.0
14.5	89.0
16.2	100.0
18.2	82.0
19.5	90.0
16.2	89.0
15.5	110.0
16.2	109.0
17.2	55.0
17.8	90.0
17.4	128.0
18.6	113.0
19.2	69.0
18.5	95.0
17.9	93.0
15.2	66.0
13.9	70.0
15.1	64.0
15.8	90.0
16.4	95.0
18.1	93.0
19.5	69.0
18.5	65.0
15.8	43.0
14.7	45.0
15.7	76.0
17.4	74.0
15.5	45.0
14.0	56.0
14.5	75.0
15.9	82.0
17.6	79.0
18.8	41.0
18.1	54.0
16.8	60.0
18.5	48.0
21.0	64.0
18.9	109.0
18.0	128.0
17.2	89.0
17.1	83.0
16.6	76.0
16.8	43.0
15.4	58.0
16.9	61.0
17.8	46.0
18.7	80.0
21.3	52.0
21.9	55.0
22.8	40.0
23.7	25.0
24.4	22.0
19.6	36.0
14.5	20.0
13.5	18.0
16.6	37.0
18.3	98.0
20.4	84.0
22.0	73.0
22.4	40.0
24.3	23.0
21.5	45.0
21.2	44.0
17.6	66.0
16.4	72.0
17.1	69.0
18.5	89.0
19.4	125.0
20.5	137.0
21.2	101.0
21.8	80.0
22.4	54.0
23.5	62.0
23.9	70.0
25.2	49.0
25.1	29.0
16.5	38.0
13.7	27.0
13.6	20.0
16.1	40.0
18.6	57.0
20.6	92.0
19.9	118.0
19.3	65.0
20.5	65.0
22.1	124.0
23.2	100.0
24.1	50.0
24.6	38.0
25.0	25.0
24.6	44.0
21.8	83.0
22.6	78.0
25.8	101.0
24.0	124.0
24.5	89.0
24.9	36.0
26.3	37.0
27.1	37.0
26.9	37.0
27.3	41.0
27.8	48.0
27.5	41.0
25.2	34.0
22.3	111.0
22.2	90.0
25.3	43.0
25.4	136.0
25.2	122.0
25.6	72.0
27.4	97.0
26.8	92.0
27.5	52.0
27.8	61.0
28.1	41.0
27.1	40.0
26.4	64.0
27.2	35.0
27.2	44.0
24.8	108.0
25.9	113.0
25.8	137.0
27.2	100.0
28.2	67.0
27.8	37.0
28.8	33.0
29.0	45.0
29.0	39.0
29.5	45.0
29.9	48.0
30.1	49.0
29.7	44.0
27.9	47.0
25.9	83.0
25.5	109.0
26.3	119.0
26.0	90.0
26.2	62.0
24.3	86.0
25.0	102.0
27.5	76.0
29.4	49.0
28.8	47.0
26.4	70.0
26.4	97.0
28.1	80.0
29.6	59.0
30.1	46.0
30.7	34.0
31.0	38.0
29.4	32.0
28.5	43.0
27.5	38.0
29.1	52.0
29.3	55.0
29.4	50.0
27.7	35.0
29.2	41.0
28.7	42.0
28.4	36.0
29.1	33.0
29.2	42.0
29.6	45.0
30.1	43.0
30.7	44.0
28.9	43.0
28.4	40.0
28.6	41.0
28.8	43.0
28.5	38.0
28.2	29.0
30.0	34.0
30.3	60.0
30.8	67.0
30.6	72.0
30.3	89.0
31.2	89.0
30.9	59.0
30.7	69.0
26.3	54.0
27.9	65.0
28.7	30.0
30.1	51.0
30.3	50.0
31.1	47.0
31.3	65.0
28.6	41.0
29.5	41.0
27.0	34.0
27.1	43.0
28.0	34.0
29.0	32.0
29.4	68.0
29.2	83.0
30.2	79.0
30.4	67.0
30.1	61.0
27.8	48.0
29.8	65.0
29.9	65.0
30.1	69.0
28.1	41.0
29.2	57.0
28.8	59.0
27.1	53.0
27.5	29.0
29.3	42.0
29.8	63.0
30.1	58.0
30.5	41.0
29.7	37.0
29.8	51.0
30.1	58.0
26.3	37.0
27.5	31.0
29.3	53.0
27.3	46.0
26.6	31.0
27.1	33.0
29.0	42.0
29.6	39.0
29.7	32.0
30.0	44.0
29.6	36.0
29.4	29.0
30.3	44.0
29.8	55.0
28.9	54.0
30.2	48.0
29.4	40.0
29.8	40.0
30.3	45.0
30.3	39.0
30.5	35.0
30.9	41.0
30.9	35.0
30.7	59.0
28.1	51.0
27.4	60.0
28.7	45.0
29.1	46.0
29.5	37.0
30.1	35.0
30.1	43.0
29.8	45.0
30.4	40.0
30.4	47.0
29.9	60.0
29.9	50.0
28.5	30.0
26.3	25.0
26.5	31.0
29.3	69.0
29.3	54.0
26.1	62.0
27.8	51.0
29.4	62.0
30.0	59.0
29.2	61.0
29.5	34.0
29.5	21.0
29.8	42.0
29.5	52.0
29.7	33.0
29.6	44.0
28.8	40.0
28.6	40.0
29.3	46.0
30.0	80.0
29.8	91.0
29.2	91.0
29.5	74.0
28.3	43.0
28.7	33.0
29.1	34.0
29.7	52.0
29.6	75.0
29.6	72.0
29.9	87.0
30.1	75.0
26.8	52.0
22.4	41.0
19.2	37.0
20.8	54.0
23.3	62.0
25.6	80.0
26.5	88.0
24.6	71.0
23.4	58.0
24.4	79.0
26.3	77.0
26.6	53.0
24.5	64.0
25.3	87.0
23.7	69.0
22.3	48.0
23.5	53.0
24.8	72.0
24.6	73.0
25.9	74.0
26.4	61.0
25.0	48.0
23.0	38.0
22.5	65.0
21.1	56.0
22.2	60.0
24.0	108.0
23.8	114.0
24.5	97.0
20.3	78.0
15.4	56.0
16.5	53.0
19.7	69.0
20.5	83.0
22.3	103.0
23.4	96.0
21.9	102.0
20.0	92.0
19.8	89.0
19.3	94.0
20.5	99.0
22.3	105.0
22.9	31.0
22.8	72.0
21.5	74.0
19.8	96.0
20.4	110.0
20.4	103.0
21.3	99.0
22.5	82.0
21.1	118.0
20.8	70.0
22.7	52.0
21.1	115.0
20.0	80.0
17.0	58.0
17.6	79.0
20.1	86.0
21.4	61.0
20.4	98.0
21.0	86.0
23.0	65.0
21.9	84.0
19.7	89.0
20.0	52.0
21.3	30.0
17.8	52.0
14.7	43.0
16.8	51.0
18.0	68.0
18.8	75.0
19.5	59.0
19.4	100.0
18.8	84.0
15.0	63.0
14.3	74.0
17.0	98.0
18.3	70.0
14.0	63.0
13.4	86.0
14.9	80.0
15.7	73.0
17.1	61.0
17.5	98.0
17.5	82.0
18.9	68.0
18.8	107.0
19.2	68.0
19.9	62.0
20.7	92.0
20.2	128.0
19.6	113.0
18.6	85.0
15.7	31.0
14.2	31.0
14.5	22.0
16.8	66.0
18.2	99.0
19.7	73.0
21.1	59.0
18.8	81.0
18.2	88.0
19.2	67.0
17.8	84.0
18.8	76.0
20.9	28.0
22.1	23.0
19.6	53.0
16.5	62.0
15.5	79.0
17.9	73.0
21.0	58.0
18.4	88.0
20.2	80.0
21.8	34.0
22.9	47.0
24.0	50.0
19.5	58.0
19.6	63.0
19.6	71.0
20.9	56.0
21.0	91.0
22.3	61.0
21.4	75.0
22.3	48.0
22.7	58.0
20.5	66.0
21.4	50.0
20.0	60.0
19.8	55.0
22.5	25.0
19.8	14.0
16.5	15.0
19.3	35.0
20.0	48.0
19.5	101.0
19.1	115.0
19.7	100.0
17.7	48.0
18.8	59.0
20.3	116.0
18.8	129.0
19.4	109.0
20.7	113.0
20.8	108.0
21.2	75.0
23.4	59.0
24.1	36.0
21.5	79.0
21.4	89.0
22.3	87.0
23.4	67.0
24.0	47.0
25.3	32.0
25.0	72.0
24.2	67.0
24.5	55.0
23.6	73.0
25.2	44.0
25.9	58.0
