Variable_X Variable_Y
0.189714 0.337212
0.145568 0.317675
0.055871 0.214937
0.613635 0.312506
0.083024 0.251609
0.160223 0.342709
0.135835 0.268256
0.567447 0.377313
0.387645 0.541425
0.917703 0.448903
0.440274 0.411855
0.078650 0.274573
0.029223 0.233538
0.159184 0.390883
0.291164 0.387372
0.151024 0.331629
0.750674 0.101586
0.075254 0.168396
0.230632 0.369311
0.125968 0.315041
0.230472 0.396043
0.946300 0.824798
0.612970 0.689493
0.487929 0.319788
0.074194 0.236192
0.224318 0.496788
0.731848 0.512591
0.945293 0.842726
0.952533 0.991461
0.015299 0.195597
0.908021 0.912505
0.497890 0.528005
0.775170 0.685483
0.533796 0.131444
0.496072 0.375894
0.029017 0.244274
0.845956 0.077095
0.614975 0.517834
0.903059 0.345604
0.287281 0.445268
0.312683 0.421606
0.222185 0.431449
0.209687 0.434329
0.131630 0.357015
0.577659 0.006530
0.042052 0.243801
0.993245 0.703481
0.379342 0.519846
0.145328 0.318225
0.012205 0.199519
0.071519 0.253858
0.545038 0.973824
0.217118 0.391447
0.294234 0.509153
0.021800 0.216677
0.712886 0.431114
0.282191 0.484537
0.155152 0.321371
0.947517 0.669028
0.164419 0.338321
0.318635 0.426684
0.877255 0.653887
0.531528 0.429157
0.256666 0.420769
0.370643 0.540519
0.100218 0.275502
0.349294 0.514816
0.435269 0.097958
0.232081 0.444070
0.471657 0.406913
0.363555 0.457059
0.504069 0.789237
0.932850 0.393308
0.749284 0.190408
0.143945 0.269319
0.614014 0.166773
0.710908 0.726899
0.970548 0.059204
0.046772 0.246322
0.286823 0.459577
0.178390 0.280902
0.788131 0.407764
0.228978 0.410374
0.268450 0.393220
0.470172 0.742342
0.196312 0.368493
0.794879 0.314568
0.039739 0.198898
0.697706 0.509431
0.586755 0.123582
0.727990 0.952328
0.210030 0.390271
0.760041 0.042697
0.654880 0.857682
0.261154 0.428577
0.434070 0.035839
0.267241 0.467426
0.981256 0.566748
0.532611 0.777632
0.181298 0.435515
0.371065 0.523606
0.727150 0.199260
0.922609 0.480217
0.630974 0.352221
0.113392 0.284818
0.309459 0.431383
0.755495 0.466651
0.406310 0.582812
0.964077 0.945735
0.910476 0.526137
0.368685 0.525582
0.308254 0.522022
0.791696 0.451339
0.614122 0.870047
0.667357 0.684574
0.820080 0.068457
0.172957 0.320769
0.075155 0.246045
0.268302 0.441855
0.706522 0.752774
0.158499 0.324436
0.423390 0.041211
0.241689 0.417740
0.888919 0.219800
0.370131 0.537620
0.331590 0.536506
0.162458 0.320397
0.115745 0.313347
0.752889 0.543086
0.876638 0.914260
0.627148 0.382515
0.209311 0.373696
0.127300 0.292787
0.286911 0.450883
0.103562 0.281401
0.936671 0.178674
0.420173 0.863803
0.134763 0.295851
0.833339 0.350609
0.842930 0.066484
0.630723 0.026766
0.268945 0.453657
0.060090 0.300430
0.482673 0.031511
0.013632 0.162831
0.244851 0.382984
0.654847 0.184595
0.222643 0.434836
0.872544 0.870384
0.567536 0.373322
0.143201 0.303429
0.123057 0.287181
0.207250 0.400503
0.461311 0.564799
0.670259 0.997591
0.803518 0.249476
0.422848 0.102805
0.777790 0.334845
0.628807 0.786358
0.793967 0.926261
0.598903 0.626991
0.635976 0.413113
0.181145 0.407884
0.912865 0.648364
0.334302 0.517261
0.609903 0.177698
0.163886 0.403155
0.731091 0.653386
0.249295 0.477877
0.098421 0.366206
0.402365 0.656622
0.162876 0.336099
0.355157 0.537683
0.057268 0.210443
0.326525 0.459016
0.189548 0.414779
0.681369 0.074845
0.189084 0.358154
0.420356 0.857048
0.942708 0.279785
0.484270 0.492956
0.088886 0.320255
0.078823 0.285285
0.307443 0.458309
0.271422 0.506511
0.823128 0.938686
0.647598 0.054517
0.792955 0.558069
0.420628 0.779744
0.613646 0.433638
0.924655 0.181125
0.564366 0.802171
0.138546 0.344813
0.911299 0.069804
0.224174 0.426757
0.703740 0.985049
0.386251 0.568530
0.094171 0.284331
0.308153 0.467885
0.351310 0.525891
0.197380 0.323831
0.743954 0.309327
0.901391 0.880870
0.121159 0.295891
0.744153 0.224246
0.625239 0.990319
0.666590 0.139131
0.197610 0.370328
0.079467 0.220525
0.098323 0.281353
0.588107 0.715749
0.059608 0.235333
0.059760 0.248535
0.348012 0.493206
0.481171 0.908271
0.127775 0.356153
0.117319 0.302332
0.019530 0.187405
0.191575 0.422668
0.008546 0.225633
0.113019 0.330088
0.253239 0.401041
0.676005 0.561227
0.259521 0.399543
0.179196 0.371049
0.309087 0.517390
0.318629 0.458098
0.013452 0.203996
0.051796 0.248839
0.421084 0.653923
0.027264 0.167608
0.036755 0.214854
0.921313 0.449309
0.255017 0.454529
0.633785 0.491499
0.001439 0.196449
0.329898 0.512332
0.796109 0.272579
0.043111 0.258759
0.950215 0.400698
0.702522 0.523225
0.647335 0.579303
0.663311 0.264115
0.912523 0.315196
0.336951 0.520576
0.917882 0.636377
0.746607 0.530993
0.780391 0.883678
0.835005 0.757357
0.505945 0.547509
0.794355 0.865798
0.093057 0.275689
0.743493 0.434913
0.612928 0.480844
0.165730 0.404679
0.424507 0.368919
0.544978 0.792504
0.001488 0.217441
0.061654 0.291753
0.198512 0.306349
0.109533 0.247289
0.950701 0.947227
0.385407 0.549684
0.329256 0.519921
0.229919 0.464165
0.026148 0.259952
0.376745 0.568032
0.738193 0.420901
0.353478 0.516662
0.427152 0.032146
0.964093 0.312593
0.106893 0.294185
0.705707 0.636865
0.901639 0.847738
0.586060 0.778927
0.799023 0.195766
0.226514 0.463191
0.427389 0.178486
0.151230 0.331795
0.993348 0.372047
0.774525 0.349791
0.968482 0.670638
0.371926 0.535612
0.366580 0.528381
0.128425 0.264151
0.738202 0.575934
0.686925 0.520939
0.879499 0.866672
0.048127 0.294974
0.472686 0.656165
0.901240 0.577149
0.876173 0.453834
0.058502 0.226262
0.303433 0.521445
0.781469 0.138296
0.911903 0.740272
0.908977 0.346208
0.088012 0.294817
0.281473 0.517504
0.250257 0.409698
0.401119 0.219292
0.111808 0.312146
0.775986 0.957314
0.377326 0.566982
0.599073 0.593088
0.387870 0.511049
0.163511 0.338334
0.014031 0.194893
0.046939 0.265958
0.549790 0.165322
0.372370 0.566610
0.260206 0.436745
0.936339 0.506794
0.280078 0.435928
0.253237 0.428654
0.849751 0.575918
0.056126 0.197579
0.506685 0.070282
0.492378 0.308743
0.941032 0.984557
0.554199 0.197701
0.695343 0.721441
0.214012 0.405584
0.789465 0.694104
0.613267 0.602899
0.121705 0.368289
0.615051 0.924175
0.305406 0.437840
0.111150 0.338563
0.242109 0.484529
0.630899 0.823743
0.939105 0.809175
0.862820 0.414689
0.365359 0.509068
0.953902 0.381043
0.342073 0.534296
0.167859 0.312309
0.047091 0.198231
0.425424 0.145627
0.739816 0.548570
0.604955 0.585128
0.917322 0.828340
0.302344 0.473040
0.711964 0.859037
0.280401 0.391314
0.934264 0.954259
0.665337 0.245119
0.562717 0.077344
0.491019 0.944217
0.779076 0.412447
0.939854 0.422157
0.370674 0.496469
0.933456 0.861542
0.226435 0.479607
0.202220 0.345748
0.941745 0.782416
0.938102 0.573849
0.728143 0.993166
0.253337 0.453117
0.145822 0.345787
0.812989 0.188648
0.678475 0.661781
0.458745 0.566031
0.110926 0.317839
0.874190 0.559190
0.744939 0.698030
0.640664 0.583948
0.264656 0.375901
0.584095 0.288205
0.467009 0.106924
0.745018 0.950055
0.418852 0.736811
0.152833 0.332396
0.380082 0.590367
0.278033 0.432409
0.830839 0.542406
0.016968 0.245120
0.182010 0.354484
0.450637 0.471801
0.875277 0.211797
0.771360 0.247897
0.160779 0.446410
0.239250 0.469581
0.268027 0.398187
0.161549 0.372816
0.110528 0.293867
0.882506 0.952282
0.195970 0.415128
0.750725 0.458693
0.289090 0.466859
0.683222 0.669734
0.483020 0.759213
0.395664 0.531927
0.073113 0.231485
0.463117 0.656878
0.527721 0.850551
0.449141 0.005940
0.183392 0.365130
0.042845 0.164511
0.479318 0.111458
