Variable_X Variable_Y
0.596414 0.339196
0.583027 0.788796
0.533782 0.199059
0.855571 0.663246
0.921171 0.835168
0.260869 0.492506
0.885761 0.922229
0.861390 0.865360
0.139578 0.298561
0.472992 0.503421
0.103358 0.278726
0.376681 0.487077
0.050843 0.218808
0.637621 0.495257
0.019015 0.223803
0.815948 0.399068
0.067332 0.224493
0.533478 0.621866
0.195481 0.373602
0.082834 0.275423
0.412746 0.076884
0.243935 0.370632
0.109587 0.259400
0.623389 0.427101
0.114519 0.280845
0.242108 0.358705
0.075739 0.281155
0.311574 0.424458
0.483724 0.509851
0.730654 0.385731
0.144114 0.312424
0.297675 0.465679
0.456051 0.093967
0.267299 0.400119
0.457249 0.286226
0.011478 0.231229
0.070989 0.236832
0.311645 0.475061
0.210091 0.334947
0.121897 0.280554
0.905982 0.944963
0.252386 0.393054
0.225632 0.445176
0.001234 0.242911
0.350384 0.516635
0.566795 0.258591
0.420996 0.362406
0.846364 0.928987
0.118970 0.249172
0.755499 0.857716
0.832569 0.844952
0.040722 0.252555
0.579437 0.285865
0.490254 0.072689
0.259650 0.444251
0.234995 0.413130
0.585921 0.644580
0.647014 0.701119
0.205075 0.382036
0.069705 0.277657
0.038995 0.229950
0.411110 0.165980
0.266651 0.410953
0.117499 0.316925
0.205106 0.403083
0.164812 0.384280
0.712778 0.812474
0.769053 0.844197
0.662141 0.931446
0.760568 0.517600
0.303811 0.440389
0.753231 0.354014
0.280764 0.454239
0.114649 0.275712
0.390795 0.519648
0.153571 0.318619
0.122450 0.287043
0.064980 0.220711
0.548046 0.252790
0.132979 0.367676
0.082937 0.249782
0.261284 0.374189
0.447146 0.010725
0.162738 0.396385
0.300760 0.548211
0.575900 0.334002
0.215417 0.402204
0.132240 0.302174
0.269539 0.421537
0.572462 0.340140
0.629929 0.381181
0.659352 0.659676
0.850183 0.849400
0.460651 0.659499
0.115878 0.335110
0.164002 0.256532
0.767172 0.775375
0.579076 0.004935
0.372301 0.480118
0.259603 0.467971
0.624918 0.319154
0.565636 0.474436
0.642816 0.304396
0.527493 0.803540
0.141521 0.350160
0.349704 0.448248
0.275213 0.373019
0.233982 0.440821
0.093204 0.238387
0.434342 0.208823
0.129075 0.303237
0.860848 0.436499
0.776315 0.800041
0.368346 0.559741
0.851190 0.709135
0.837028 0.910978
0.749682 0.448165
0.273455 0.389749
0.222065 0.466933
0.216613 0.367027
0.813829 0.980074
0.683787 0.615282
0.754635 0.676615
0.373442 0.561299
0.545509 0.784864
0.279584 0.471535
0.405543 0.171553
0.773512 0.859438
0.840987 0.960674
0.558832 0.636694
0.357188 0.495720
0.307573 0.461015
0.716441 0.774501
0.010759 0.227948
0.390177 0.488092
0.505513 0.855712
0.351176 0.435386
0.616491 0.508488
0.117028 0.251517
0.567629 0.001988
0.142130 0.334076
0.424680 0.044579
0.356022 0.579170
0.244457 0.384305
0.708273 0.947814
0.345418 0.488978
0.617088 0.672403
0.031312 0.283070
0.187142 0.332731
0.682373 0.749232
0.875799 0.511052
0.038979 0.209170
0.072368 0.235880
0.182491 0.321886
0.142680 0.293274
0.794065 0.871067
0.629046 0.658792
0.194652 0.406749
0.370217 0.541086
0.380291 0.531258
0.515185 0.394553
0.859822 0.830371
0.605132 0.922847
0.245113 0.502433
0.403047 0.748271
0.260771 0.403817
0.035071 0.221344
0.208446 0.362002
0.078366 0.257533
0.179173 0.372548
0.125955 0.278286
0.200078 0.375545
0.320677 0.450010
0.169116 0.344954
0.441091 0.348914
0.294307 0.464275
0.608714 0.612813
0.607404 0.482877
0.636009 0.173635
0.768825 0.726816
0.818338 0.418970
0.070746 0.246469
0.429080 0.044347
0.299213 0.500060
0.758712 0.763858
0.072701 0.338365
0.891816 0.639468
0.333750 0.455594
0.143517 0.370033
0.304226 0.432926
0.452965 0.018368
0.459874 0.089198
0.331541 0.487824
0.872712 0.760122
0.305843 0.459194
0.694575 0.674493
0.251013 0.478937
0.528959 0.462085
0.677682 0.321766
0.344924 0.487252
0.474528 0.153297
0.511829 0.097323
0.110426 0.248063
0.015378 0.246073
0.923861 0.595688
0.354119 0.527136
0.816682 0.913752
0.080753 0.253962
0.113028 0.357163
0.266776 0.388338
0.338819 0.512825
0.013762 0.163795
0.484645 0.176773
0.152822 0.340170
0.174393 0.342620
0.658638 0.266807
0.194412 0.392181
0.683300 0.820313
0.918636 0.822839
0.686444 0.711106
0.044879 0.237796
0.377015 0.588656
0.198601 0.336537
0.605773 0.429616
0.662546 0.938880
0.311508 0.519055
0.443358 0.153603
0.081579 0.259662
0.524591 0.111697
0.068452 0.244484
0.286683 0.439505
0.310212 0.450472
0.031053 0.237564
0.152090 0.339067
0.220529 0.404371
0.772680 0.711559
0.568116 0.323839
0.535231 0.211259
0.755547 0.555676
0.136154 0.257580
0.496623 0.199448
0.356737 0.463795
0.239090 0.413273
0.044516 0.213323
0.479796 0.060270
0.561730 0.580628
0.330013 0.477823
0.853536 0.995686
0.260978 0.382495
0.363519 0.492322
0.491293 0.014465
0.643151 0.546389
0.726096 0.866400
0.030029 0.251138
0.635651 0.875212
0.101564 0.302587
0.727303 0.575173
0.034580 0.227377
0.830188 0.691113
0.442062 0.222984
0.214467 0.414188
0.603387 0.503190
0.211422 0.424701
0.758979 0.827467
0.650637 0.492891
0.065165 0.263565
0.326495 0.477758
0.474134 0.008051
0.700463 0.522629
0.077062 0.256401
0.178824 0.286183
0.189942 0.355553
0.219687 0.374785
0.059836 0.227854
0.278130 0.432736
0.150024 0.310952
0.785817 0.893040
0.131018 0.332646
0.160909 0.358308
0.467704 0.123963
0.520726 0.251730
0.605107 0.306084
0.821668 0.879096
0.614759 0.920716
0.430367 0.704305
0.417879 0.637033
0.028313 0.235877
0.710948 0.545725
0.694445 0.112848
0.729554 0.849028
0.794482 0.412085
0.257561 0.395845
0.421926 0.555013
0.126722 0.363836
0.379135 0.514309
0.545710 0.301667
0.159592 0.331097
0.345100 0.466614
0.278877 0.440227
0.264896 0.486545
0.428901 0.014991
0.196598 0.407586
0.271039 0.472763
0.228209 0.428208
0.084034 0.340258
0.198908 0.357799
0.524703 0.347935
0.096508 0.310424
0.585800 0.252355
0.092515 0.286573
0.240891 0.368514
0.848937 0.760644
0.052595 0.232255
0.208817 0.437921
0.628543 0.915804
0.079703 0.291023
0.709306 0.629827
0.302292 0.477812
0.559142 0.329639
0.541137 0.686759
0.032936 0.249059
0.189354 0.386452
0.327991 0.489705
0.208835 0.412300
0.581171 0.302091
0.862141 0.814514
0.006211 0.182423
0.001311 0.177246
0.022828 0.296752
0.725690 0.570756
0.956752 0.989938
0.510694 0.209167
0.041976 0.212577
0.922108 0.779281
0.418459 0.238830
0.024184 0.274842
0.384991 0.554557
0.024429 0.221711
0.310631 0.537948
0.220460 0.389063
0.859147 0.962432
0.647583 0.392508
0.320769 0.461267
0.735562 0.720220
0.373217 0.525625
0.647491 0.497338
0.210224 0.366048
0.215635 0.394441
0.836625 0.947591
0.773723 0.752166
0.447495 0.185225
0.505894 0.107538
0.003501 0.235856
0.496720 0.322335
0.124204 0.306174
0.605020 0.293695
0.792038 0.889621
0.701285 0.775371
0.551254 0.202522
0.156173 0.353478
0.635734 0.926716
0.339642 0.510774
0.159145 0.389216
0.264686 0.421262
0.518625 0.405687
0.584856 0.596430
0.474491 0.096920
0.322553 0.509305
0.124790 0.325781
0.757307 0.703760
0.421896 0.447032
0.253897 0.412893
0.243136 0.449812
0.372094 0.528941
0.087554 0.298554
0.025065 0.206112
0.064614 0.234008
0.533638 0.181618
0.495374 0.231913
0.524003 0.221014
0.791692 0.938943
0.787438 0.814176
0.890689 0.473729
0.899098 0.782438
0.149535 0.349271
0.328177 0.519252
0.694301 0.423502
0.510988 0.154473
0.711785 0.464377
0.154553 0.352223
0.385798 0.502155
0.671208 0.335274
0.688678 0.560042
0.136886 0.331944
0.113860 0.278014
0.029816 0.207536
0.200782 0.337455
0.288494 0.455879
0.259756 0.450420
0.554941 0.351930
0.176070 0.301571
0.776225 0.540822
0.704171 0.362550
0.575484 0.395126
0.156955 0.325077
0.740530 0.753510
0.198841 0.449633
0.555084 0.185640
0.381070 0.620072
0.634833 0.436758
0.486145 0.091474
0.036389 0.222516
0.757875 0.633482
0.124496 0.383750
0.633715 0.669373
0.905677 0.887970
0.262965 0.447534
0.903197 0.901803
0.373586 0.575552
0.010413 0.195867
0.024254 0.145661
0.226858 0.352482
0.342678 0.516324
0.105005 0.242421
0.739736 0.609147
0.277321 0.423936
0.223408 0.414084
0.662537 0.517996
0.701841 0.251548
0.357630 0.495542
0.939229 0.897813
0.876946 0.832495
0.428793 0.340832
0.249701 0.380080
0.224663 0.415976
0.687081 0.394535
0.863811 0.920207
0.543793 0.339520
0.243668 0.379254
0.607276 0.924096
0.127842 0.341495
0.208656 0.402659
0.593377 0.016456
0.652699 0.308962
0.297683 0.450001
0.148207 0.384919
0.079037 0.262024
0.478018 0.157344
0.115166 0.333011
0.210495 0.407809
0.587609 0.496434
0.133759 0.374813
0.449056 0.196005
0.565676 0.323348
0.447085 0.381862
0.242560 0.438910
0.031575 0.237138
0.806696 0.843310
0.038253 0.170234
0.171713 0.304238
0.606925 0.390325
0.904815 0.994153
0.715656 0.137022
0.675307 0.813608
0.902729 0.915161
0.012074 0.238393
0.185406 0.434822
0.087662 0.254264
0.073511 0.300349
0.845897 0.789904
0.431330 0.088236
0.359218 0.497036
0.109407 0.317948
0.134518 0.272649
0.145280 0.310106
0.779742 0.553209
0.026280 0.254672
0.110162 0.320433
0.609737 0.490747
0.747982 0.325754
0.065594 0.327738
0.045870 0.213364
0.393973 0.554839
0.550412 0.169045
0.245009 0.469352
0.596255 0.413021
0.185684 0.309275
0.449177 0.076462
0.061690 0.313880
0.840632 0.920963
0.643874 0.539381
0.654965 0.605735
0.802579 0.984322
0.422850 0.006140
0.033948 0.192077
0.139428 0.331352
0.041122 0.246458
0.142681 0.299950
0.823687 0.735382
0.101211 0.276445
0.514639 0.152989
0.203139 0.424422
0.203015 0.372917
0.339289 0.525663
0.345969 0.526052
0.767595 0.779161
0.864659 0.785289
0.330283 0.488652
0.059030 0.239271
0.081675 0.257027
0.908915 0.631686
0.494467 0.140953
0.047866 0.269446
0.464393 0.184539
0.442877 0.045194
0.636434 0.052069
0.787991 0.703444
0.486171 0.149211
0.653716 0.442589
0.743829 0.860641
0.298922 0.432797
0.316602 0.556037
0.861110 0.837361
0.564303 0.210944
0.086435 0.267652
0.383434 0.512454
0.699219 0.658451
0.543777 0.279907
0.044237 0.249082
0.105950 0.341373
0.247471 0.454941
0.171485 0.383749
0.467397 0.130135
0.496229 0.385159
0.570238 0.333708
0.505910 0.022212
0.545830 0.149795
0.686169 0.331897
0.759247 0.397410
0.544058 0.263421
0.106017 0.279346
0.679244 0.764137
0.644709 0.670945
0.658734 0.674408
0.770365 0.791181
0.771930 0.759996
0.105735 0.368031
0.214241 0.379682
0.409471 0.691637
0.739659 0.805570
0.073606 0.276639
0.403395 0.257181
0.307866 0.465016
0.781286 0.899525
0.350709 0.538743
0.157415 0.373875
0.026940 0.297132
0.175929 0.302955
0.726648 0.778374
0.181256 0.388411
0.630825 0.692054
0.099213 0.261801
0.538619 0.394295
0.548827 0.619788
0.752285 0.966487
0.593213 0.476463
0.183056 0.374001
0.075597 0.246930
0.349571 0.550037
0.517005 0.609708
0.909183 0.978151
0.298168 0.523790
0.329866 0.547201
0.714971 0.728675
0.088755 0.317551
0.350316 0.522238
0.369122 0.515615
0.566591 0.491878
0.326312 0.447169
0.824008 0.783449
0.021029 0.246179
0.126403 0.287306
0.157056 0.403458
0.326986 0.538645
0.292896 0.473054
0.062517 0.268312
0.721114 0.700245
0.130273 0.286599
0.509940 0.167691
0.587033 0.342099
0.348531 0.536020
0.049487 0.234951
0.616260 0.565558
0.030864 0.276886
0.762525 0.736309
0.650894 0.768201
0.307483 0.489531
0.587292 0.389829
0.619085 0.399206
0.160678 0.395643
0.710682 0.890312
0.331511 0.527314
0.703992 0.716062
0.429938 0.107146
0.088548 0.302455
0.715799 0.751867
0.071310 0.252114
0.886186 0.961567
0.685292 0.642758
0.460573 0.054735
0.046941 0.231291
0.290591 0.475493
0.507062 0.540656
0.774206 0.691531
0.171159 0.330642
0.262092 0.478534
0.852791 0.944966
0.630419 0.733364
0.864781 0.992747
0.797881 0.807384
0.354900 0.489420
0.845794 0.890992
0.506756 0.232408
0.707900 0.309046
0.793198 0.786157
0.683055 0.916396
0.346632 0.495285
0.265484 0.426208
0.196833 0.408236
0.056816 0.295030
0.362198 0.546656
0.037387 0.217587
0.620064 0.426395
0.879758 0.634474
0.544867 0.475637
0.899913 0.996914
0.564342 0.723320
0.145983 0.364455
0.624909 0.044960
0.009101 0.228159
0.390090 0.582632
0.190677 0.367599
0.340078 0.518852
0.272739 0.388434
0.581817 0.737737
0.206695 0.410424
0.204327 0.418833
0.541314 0.280910
0.557501 0.221453
0.887957 0.711141
0.209612 0.389109
0.075346 0.253467
0.879274 0.858446
0.037415 0.257792
0.564603 0.240185
0.606138 0.262003
0.656355 0.571169
0.904364 0.928532
0.652939 0.557984
0.016793 0.298379
0.171770 0.376308
0.096528 0.317421
0.665105 0.568081
0.800366 0.833684
0.626481 0.273582
0.736752 0.697634
0.549997 0.542447
0.069711 0.200395
0.716372 0.602581
0.617352 0.353603
0.943750 0.978396
0.436351 0.302935
0.072091 0.271072
0.097781 0.248336
0.768375 0.933676
0.035026 0.231326
0.446950 0.075080
0.246152 0.358054
0.634429 0.650794
0.357156 0.459600
0.269358 0.506830
0.525862 0.328954
0.848779 0.772915
0.496586 0.183357
0.820865 0.871518
0.787827 0.231480
0.272131 0.440382
0.831908 0.955939
0.944634 0.407519
0.021149 0.182870
0.107099 0.312172
0.252946 0.414781
0.229093 0.389616
0.258900 0.452850
0.767383 0.982301
0.302510 0.456043
0.029531 0.186488
0.121056 0.309955
0.154987 0.340560
0.573126 0.600750
0.387247 0.510455
0.746281 0.712286
0.472118 0.015385
0.042952 0.220339
0.213814 0.429490
0.309892 0.508947
0.887796 0.846357
0.343775 0.532035
0.036526 0.242510
0.348024 0.497863
0.475628 0.788073
0.457858 0.028808
0.673176 0.530714
0.778272 0.643320
0.386502 0.554580
0.517563 0.168571
0.598984 0.081241
0.586159 0.495224
0.397584 0.557168
0.089046 0.284196
0.618597 0.514708
0.040589 0.261393
0.207083 0.389813
0.799425 0.882224
0.281226 0.442996
0.302401 0.468844
0.166409 0.387365
0.587065 0.993476
0.646035 0.890368
0.360873 0.522092
0.367731 0.567327
0.175496 0.319935
0.310211 0.468499
0.260659 0.450894
0.748538 0.864132
0.339066 0.527357
0.542117 0.069674
0.249444 0.440743
0.748446 0.828471
0.379921 0.561778
0.722124 0.735324
0.816667 0.161894
0.743939 0.863356
0.360845 0.540513
0.540444 0.257816
0.662917 0.606340
0.469037 0.939642
0.779426 0.313963
0.765191 0.836027
0.741892 0.900773
0.837986 0.709031
0.357431 0.548203
0.063999 0.254774
0.364264 0.524642
0.151678 0.332180
0.236272 0.385964
0.016610 0.229399
0.585884 0.129325
0.537575 0.267835
0.247982 0.371904
0.224455 0.395289
0.637722 0.557183
0.766944 0.730793
0.762050 0.226000
0.161210 0.277456
0.409542 0.043301
0.079951 0.253874
0.546186 0.162676
0.391273 0.512346
0.293745 0.460029
0.537805 0.808185
0.758214 0.851798
0.459269 0.104942
0.025769 0.225872
0.430138 0.137215
0.947400 0.740391
0.279549 0.480448
0.278966 0.409922
0.670582 0.249047
0.476959 0.737519
0.494353 0.194691
0.380707 0.548334
0.586845 0.415913
0.688163 0.899923
0.551013 0.019475
0.636366 0.847114
0.368584 0.553831
0.686257 0.608676
0.368645 0.517585
0.292650 0.465941
0.483296 0.139395
0.911964 0.920001
0.286894 0.500499
0.012961 0.168380
0.100870 0.327419
0.619793 0.749631
0.058991 0.244820
0.384837 0.602515
0.338269 0.531431
0.675968 0.703918
0.360720 0.475775
0.611111 0.359610
0.502698 0.150285
0.827000 0.714540
0.509189 0.250153
0.014123 0.220922
0.386176 0.529977
0.070157 0.251925
0.050374 0.240580
0.140627 0.313688
0.759084 0.508685
0.373613 0.555593
0.220152 0.420221
0.015503 0.256420
0.919680 0.644236
0.277773 0.449808
0.137244 0.326285
0.486510 0.318968
0.374432 0.529224
0.159282 0.337034
0.553534 0.382320
0.379501 0.549131
0.509111 0.106305
0.679782 0.669988
0.119799 0.322971
0.570936 0.196140
0.360684 0.569546
0.603079 0.181386
0.825330 0.792035
0.290802 0.453742
0.251281 0.398884
0.789743 0.466070
0.379586 0.514802
0.399672 0.548182
0.709101 0.608112
0.182322 0.299249
0.770700 0.825404
0.015366 0.192097
0.198196 0.402149
0.288671 0.444449
0.371652 0.511946
0.176470 0.339673
0.911576 0.474155
0.835357 0.734071
0.181304 0.401389
0.612937 0.241073
0.165361 0.413538
0.905296 0.999554
0.342248 0.493456
0.597827 0.663276
0.163817 0.398925
0.046828 0.224828
0.766847 0.988593
0.589061 0.195547
0.165892 0.293662
0.579442 0.351486
0.090823 0.319401
0.590026 0.405136
0.463017 0.105872
0.641144 0.404348
0.623295 0.391242
0.250748 0.409617
0.544612 0.583111
0.586339 0.327402
0.016172 0.195170
0.599969 0.306771
0.680417 0.449214
0.627909 0.631560
0.560049 0.249833
0.607376 0.294987
0.552569 0.135108
0.317014 0.466673
0.094333 0.307849
0.004525 0.210527
0.052627 0.266985
0.835210 0.918765
0.107320 0.298335
0.080562 0.296191
0.339569 0.514623
0.828993 0.637153
0.530345 0.180429
0.304324 0.472099
0.839502 0.969722
0.748411 0.602151
0.047431 0.210706
0.753623 0.525862
0.661608 0.530182
0.105086 0.303258
0.232342 0.406987
0.125781 0.306999
0.188247 0.344973
0.132555 0.307952
0.331791 0.541022
0.602142 0.608261
0.129747 0.312729
0.325553 0.425734
0.543626 0.475171
0.401733 0.379838
0.519119 0.495166
0.504474 0.104403
0.106337 0.250842
0.620467 0.040941
0.718766 0.545703
0.327511 0.492610
0.648870 0.261508
0.146454 0.322306
0.087729 0.320924
0.320117 0.480671
0.011820 0.233367
0.769448 0.788277
0.084215 0.277335
0.296201 0.478822
0.226284 0.398934
0.178513 0.370432
0.024935 0.247275
0.156192 0.366061
0.337671 0.472228
0.092613 0.327053
0.674246 0.902630
0.537894 0.166178
0.205170 0.363537
0.108768 0.279486
0.181314 0.370246
0.781578 0.512294
0.354706 0.554931
0.363159 0.507450
0.359783 0.512844
0.901916 0.240469
0.743438 0.715020
0.373368 0.499578
0.670479 0.881658
0.841380 0.917239
0.458509 0.039686
0.251579 0.404563
0.304563 0.430424
0.756061 0.511907
0.878870 0.836362
0.024232 0.258913
0.238883 0.410731
0.094526 0.330452
0.722821 0.702781
0.123959 0.280711
0.024042 0.191385
0.342774 0.567718
0.421854 0.041980
0.596821 0.379749
0.372693 0.536371
0.304717 0.491801
0.934284 0.895350
0.056291 0.243500
0.274211 0.459262
0.776521 0.908742
0.667958 0.543124
0.738809 0.632188
0.101258 0.321112
0.757996 0.805958
0.093589 0.266675
0.899088 0.235835
0.862289 0.327336
0.067475 0.299644
0.831307 0.985513
0.005580 0.274480
0.015869 0.203200
0.212750 0.482283
0.051823 0.249875
0.276625 0.477863
0.658080 0.501642
0.614626 0.520162
0.565418 0.225835
0.220456 0.396378
0.551376 0.352644
0.125632 0.386605
0.756251 0.602244
0.535774 0.457892
0.106654 0.297754
0.653590 0.431180
0.764803 0.416501
0.365570 0.546476
0.179850 0.386301
0.692266 0.293281
0.461697 0.438733
0.499620 0.143679
0.162633 0.380970
0.659053 0.562274
0.085391 0.315116
0.388178 0.524481
0.730260 0.955362
0.560601 0.324784
0.540263 0.361476
0.161999 0.338841
0.932020 0.583145
0.772731 0.845810
0.833777 0.952356
0.724552 0.337555
0.407393 0.493349
0.831325 0.891893
0.121602 0.317932
0.025019 0.219617
0.318951 0.505824
0.072181 0.280211
0.820406 0.520567
0.759889 0.849067
0.171610 0.279103
0.546090 0.449046
0.028669 0.288856
0.324732 0.486108
0.020841 0.208041
0.263484 0.392315
0.491058 0.278344
0.727295 0.941970
0.240245 0.409945
0.195173 0.333656
0.397794 0.571871
0.883852 0.122008
0.656941 0.511005
0.641990 0.450536
0.320186 0.440591
0.089940 0.281497
0.392331 0.482416
0.497139 0.518418
0.837167 0.248434
0.866556 0.927801
0.543709 0.366153
0.025396 0.170635
0.522549 0.530669
0.966052 0.753692
0.103903 0.309179
0.701681 0.616238
0.105597 0.320492
0.049566 0.247735
0.138238 0.315216
0.638033 0.564121
0.538950 0.262199
0.666804 0.337595
0.674611 0.526581
0.041581 0.235592
0.053022 0.284374
0.836239 0.698552
0.747214 0.740193
0.550873 0.211301
0.240010 0.429699
0.733491 0.737956
0.210594 0.412346
0.771309 0.714572
0.589783 0.615095
0.171880 0.370111
0.705727 0.729350
0.376814 0.598650
0.286121 0.409409
0.832713 0.868422
0.077353 0.311912
0.394134 0.537303
0.451891 0.017231
0.757064 0.812718
0.850032 0.657406
0.132144 0.328713
0.085466 0.193693
0.757884 0.472106
0.510164 0.569257
0.565651 0.324131
0.277483 0.374538
0.959177 0.965139
0.244935 0.412348
0.462604 0.016665
0.217743 0.331660
0.341970 0.489725
0.873786 0.732500
0.453554 0.477346
0.411599 0.010960
0.003674 0.213143
0.595620 0.473288
0.356828 0.544138
0.545796 0.301299
0.345637 0.595645
0.271118 0.502148
0.092604 0.269096
0.855322 0.967442
0.148361 0.331260
0.327302 0.495580
0.094224 0.285136
0.628008 0.006042
0.933097 0.459887
0.118146 0.288747
0.629347 0.266357
0.587086 0.522888
0.128750 0.365927
0.331176 0.435626
0.131527 0.336406
0.303540 0.512266
0.251913 0.438740
0.577349 0.505897
0.328043 0.591081
0.528278 0.561197
0.546721 0.471770
0.718366 0.617220
0.676080 0.959832
0.344655 0.480375
0.248122 0.365004
0.024783 0.196883
0.857400 0.979287
0.646689 0.565550
0.888185 0.680325
0.857191 0.541941
0.335316 0.506682
0.373996 0.554213
0.390871 0.559237
0.012390 0.174554
0.454842 0.267806
0.680436 0.230059
0.503341 0.545357
0.108451 0.251639
0.622304 0.579916
0.450478 0.121515
0.785714 0.846788
0.032940 0.257952
0.446222 0.495426
0.558270 0.280389
0.381956 0.474050
0.389810 0.575344
0.112322 0.261832
0.174660 0.377400
0.874372 0.267950
0.264318 0.489106
0.503446 0.218782
0.746655 0.883582
0.416781 0.186277
0.090690 0.283873
0.365949 0.554260
0.641689 0.658046
0.494916 0.126028
0.175077 0.394878
0.052977 0.251064
0.274702 0.429360
0.512109 0.242870
0.034658 0.262292
0.481778 0.342495
0.263900 0.415436
0.762493 0.932238
0.346997 0.572022
0.048891 0.280577
0.378982 0.568028
0.132306 0.256885
0.018906 0.247070
0.334295 0.470865
0.391806 0.581674
0.516973 0.165770
0.337151 0.501101
0.528626 0.230416
0.617314 0.065221
0.043960 0.248730
0.169282 0.382414
0.337176 0.522843
0.762288 0.811500
0.138808 0.317033
0.502033 0.739719
0.862698 0.679105
0.887013 0.969442
0.784395 0.712399
0.255336 0.403280
0.884488 0.317668
0.499002 0.115776
0.080070 0.228089
0.026876 0.246145
0.284831 0.501312
0.029009 0.232958
0.338911 0.526776
0.449651 0.005683
0.535758 0.178801
0.615556 0.620939
0.286058 0.508221
0.832727 0.808209
0.238153 0.422339
0.084099 0.253639
0.112327 0.286393
0.823388 0.768778
0.586399 0.070082
0.007437 0.224258
0.704175 0.712569
0.558860 0.480882
0.532101 0.624436
0.803629 0.763508
0.332486 0.592540
0.705781 0.425204
0.249917 0.386682
0.243212 0.473986
0.716424 0.548696
0.122204 0.330639
0.764600 0.677056
0.528214 0.731117
0.695720 0.012108
0.327469 0.507548
0.914615 0.467869
0.646982 0.295598
0.725300 0.570399
0.832642 0.798405
0.842802 0.942196
0.492393 0.299492
0.209054 0.477292
0.443422 0.000856
0.171867 0.392785
0.027340 0.283084
0.226799 0.379807
0.760679 0.955343
0.265299 0.423203
0.288775 0.507225
0.164317 0.371102
0.184456 0.376090
0.350678 0.522443
0.370451 0.531580
0.098190 0.287511
0.676097 0.538880
0.765271 0.957386
0.873228 0.967045
0.514572 0.118594
0.579423 0.401809
0.762923 0.900236
0.981648 0.800972
0.567471 0.202413
0.823198 0.733143
0.981997 0.805175
0.095484 0.266447
0.288839 0.473002
0.154692 0.374184
0.752483 0.578659
0.015764 0.259907
0.179754 0.370647
0.009382 0.243827
0.019757 0.190988
0.405700 0.451620
0.288806 0.452674
0.314556 0.490452
0.351675 0.456027
0.239512 0.498659
0.389491 0.604513
0.213975 0.385497
0.626850 0.392528
0.118649 0.297881
0.788675 0.789133
0.395565 0.560571
0.555403 0.364144
0.150816 0.298150
0.713108 0.710063
0.563034 0.135621
0.610883 0.129277
0.576589 0.375070
0.799371 0.470121
0.060050 0.267168
0.302729 0.489445
0.239185 0.401182
0.460847 0.138938
0.635119 0.476198
0.317050 0.415290
0.461214 0.278993
0.122063 0.280249
0.853895 0.966236
0.111483 0.283547
0.902151 0.826076
0.018949 0.274622
0.708100 0.498182
0.196282 0.394946
0.175521 0.425275
0.013423 0.202531
0.367839 0.484935
0.732803 0.740429
0.912635 0.404587
0.016620 0.255693
0.580414 0.163620
0.255779 0.441385
0.432273 0.263846
0.206374 0.384135
0.168624 0.315640
0.067211 0.240200
0.168141 0.421941
0.088527 0.256898
0.240358 0.395587
0.108235 0.263795
0.858097 0.874059
0.242071 0.377760
0.387464 0.574048
0.920518 0.858804
0.355151 0.536542
0.761270 0.772321
0.154530 0.352459
0.602003 0.103744
0.768032 0.894762
0.023757 0.238056
0.066209 0.270246
0.336217 0.480425
0.772331 0.932554
0.196603 0.362142
0.223838 0.388581
0.658076 0.551150
0.173174 0.364496
0.840041 0.707607
0.463261 0.200321
0.552914 0.615932
0.288673 0.463456
0.629747 0.616887
0.435421 0.048882
0.361356 0.542860
0.384640 0.523904
0.014359 0.223711
0.124198 0.326918
0.049498 0.209192
0.668816 0.078049
0.705611 0.668741
0.613215 0.769161
0.586994 0.690327
0.150442 0.342138
0.457656 0.126749
0.204244 0.374463
0.447262 0.175709
0.955289 0.993902
0.023884 0.223732
0.043036 0.237945
0.176731 0.402142
0.623995 0.343436
0.239392 0.400642
0.495301 0.149666
0.280087 0.419204
0.765911 0.928173
0.314164 0.505433
0.608062 0.403306
0.728263 0.838111
0.087093 0.277737
0.041642 0.301552
0.302709 0.444575
0.047689 0.231000
0.601635 0.664222
0.139000 0.291465
0.123674 0.340828
0.835951 0.886986
0.846324 0.941590
0.039478 0.180835
0.046170 0.241409
0.000889 0.224386
0.521106 0.194987
0.228081 0.415585
0.763683 0.958964
0.704955 0.808708
0.894751 0.674328
0.841928 0.889099
0.564246 0.290399
0.379291 0.532089
0.159176 0.315862
0.725845 0.283961
0.733083 0.509168
0.121667 0.280664
0.253624 0.455458
0.573926 0.253845
0.626640 0.490351
0.013581 0.217632
0.172562 0.409351
0.572528 0.070976
0.235351 0.441860
0.179554 0.392270
0.006490 0.214254
0.437828 0.294686
0.505191 0.402959
0.264751 0.448790
0.596006 0.236599
0.601000 0.402093
0.840680 0.988284
0.744006 0.621103
0.268799 0.454324
0.283974 0.484331
0.657463 0.459974
0.942405 0.984174
0.833109 0.609140
0.877462 0.762211
0.820276 0.748531
0.505231 0.982092
0.631754 0.682987
0.725542 0.531067
0.560058 0.224049
0.032047 0.249641
0.437255 0.087571
0.169714 0.374488
0.060014 0.250849
0.207859 0.400731
0.016394 0.211875
0.396545 0.587604
0.195386 0.378888
0.283624 0.524468
0.395423 0.603715
0.274797 0.420998
0.241676 0.378734
0.355482 0.468829
0.029448 0.173309
0.750315 0.818632
0.599628 0.148460
0.596076 0.218907
0.829288 0.689538
0.722873 0.693521
0.382998 0.545350
0.463350 0.055854
0.152387 0.349513
0.019084 0.220648
0.597186 0.452450
0.356939 0.488281
0.057429 0.283039
0.716483 0.764601
0.890222 0.546510
0.338933 0.487249
0.293704 0.446293
0.771398 0.639428
0.731593 0.628069
0.333955 0.494504
0.047780 0.283178
0.756392 0.683379
0.560823 0.509816
0.258492 0.440853
0.255486 0.457037
0.814345 0.430506
0.853208 0.951932
0.005292 0.210273
0.284089 0.507249
0.772133 0.894657
0.878176 0.973396
0.860670 0.974082
0.700832 0.711373
0.924229 0.800791
0.438791 0.075068
0.994414 0.724682
0.686865 0.128442
0.554502 0.408191
0.278128 0.487435
0.332211 0.480384
0.774416 0.630148
0.627286 0.429880
0.265922 0.409118
0.664512 0.612288
0.543181 0.289644
0.366025 0.454682
0.122532 0.370359
0.463663 0.090494
0.177790 0.410454
0.793347 0.810606
0.008052 0.207612
0.232669 0.409366
0.519061 0.537636
0.217030 0.393123
0.772363 0.732589
0.256589 0.458899
0.690250 0.631708
0.204002 0.404228
0.432756 0.069373
0.131365 0.323622
0.107832 0.267672
0.271228 0.438746
0.491692 0.212892
0.935664 0.989724
0.735068 0.991525
0.844408 0.989588
0.826173 0.890341
0.619429 0.331898
0.304816 0.531281
0.837252 0.710825
0.539735 0.270547
0.588504 0.382460
0.141667 0.273932
0.522352 0.220520
0.803801 0.845731
0.693116 0.653204
0.243446 0.445378
0.000704 0.184731
0.231176 0.384973
0.017215 0.233954
0.399878 0.571710
0.138236 0.346533
0.682951 0.456508
0.312116 0.402881
0.736239 0.750536
0.330402 0.508568
0.524532 0.479830
0.393288 0.538340
0.791240 0.720184
0.298415 0.448667
0.273434 0.453184
0.760611 0.596938
0.229650 0.438927
0.706201 0.805667
0.751061 0.947746
0.504316 0.169222
0.736751 0.794282
0.198378 0.389903
0.683147 0.790517
0.033788 0.174853
0.487668 0.482435
0.232376 0.415285
0.141929 0.329994
0.654227 0.626222
0.448353 0.069037
0.746753 0.704538
0.080572 0.335663
0.479080 0.277982
0.188288 0.376171
0.606012 0.337035
0.710254 0.995086
0.220918 0.399613
0.247984 0.403531
0.233133 0.424463
0.756954 0.755428
0.399127 0.550185
0.813840 0.561459
0.589490 0.455441
0.189629 0.370741
0.221568 0.424519
0.140185 0.310653
0.908440 0.979698
0.389035 0.522610
0.418029 0.367482
0.639921 0.186300
0.840402 0.943427
0.048917 0.271480
0.056899 0.235532
0.670751 0.837886
0.055626 0.230327
0.649764 0.561530
0.009790 0.212491
0.032828 0.127401
0.830754 0.975080
0.788443 0.935612
0.409646 0.051446
0.816416 0.849848
0.231537 0.327855
0.617369 0.201427
0.944830 0.992169
0.147539 0.339805
0.175194 0.399629
0.029917 0.230947
0.695230 0.449403
0.171752 0.387979
0.150124 0.349190
0.215752 0.335931
0.183353 0.322543
0.529099 0.316233
0.329241 0.471318
0.246070 0.456146
0.463541 0.525243
0.403415 0.131818
0.052886 0.260659
0.983150 0.722625
0.576594 0.291999
0.587426 0.358620
0.906435 0.749152
0.324081 0.499983
0.570110 0.182956
0.854609 0.970203
0.837599 0.953431
0.461891 0.233341
0.196135 0.321098
0.311539 0.520695
0.296668 0.508298
0.501529 0.178678
0.279220 0.490784
0.028104 0.301555
0.425611 0.116123
0.704256 0.851713
0.270345 0.463009
0.786455 0.973927
0.805836 0.823419
0.180390 0.307524
0.827743 0.496023
0.824436 0.882180
0.071197 0.302497
0.775147 0.836944
0.113502 0.276274
0.121351 0.306276
0.860633 0.291994
0.815584 0.809507
0.396305 0.563972
0.274165 0.435485
0.932595 0.985892
0.652647 0.698191
0.737798 0.897985
0.323928 0.569451
0.329334 0.483163
0.629905 0.553943
0.807408 0.933778
0.393619 0.580364
0.289204 0.476900
0.114833 0.206262
0.095614 0.321429
0.467111 0.034042
0.148911 0.357231
0.339676 0.567539
0.509948 0.392349
0.941396 0.715577
0.779663 0.835901
0.215522 0.349641
0.646276 0.447859
0.988378 0.894106
0.219954 0.441295
0.015370 0.185373
0.152631 0.341526
0.422488 0.064359
0.779207 0.660143
0.679068 0.629572
0.682781 0.631114
0.860539 0.385496
0.238513 0.376970
0.368217 0.608760
0.708788 0.786215
0.301221 0.468619
0.879213 0.866775
0.633974 0.415625
0.540844 0.244309
0.269604 0.461812
0.037174 0.250966
0.616288 0.296812
0.850023 0.738172
0.741202 0.839711
0.174994 0.351648
0.158996 0.311369
0.002559 0.180692
0.524316 0.311739
0.084911 0.274942
0.300639 0.441497
0.333040 0.505701
0.435528 0.230598
0.452763 0.142165
0.620940 0.520160
0.022796 0.206745
0.220106 0.332640
0.693529 0.393466
0.531013 0.263267
0.472774 0.310710
0.268613 0.427549
0.431859 0.202332
0.110001 0.294654
0.516106 0.525672
0.811000 0.741959
0.858498 0.951152
0.816833 0.887224
0.229880 0.383664
0.769714 0.643616
0.607232 0.316011
0.584609 0.102476
0.738760 0.340956
0.626496 0.525921
0.561662 0.174730
0.679984 0.550719
0.039028 0.326914
0.809221 0.719455
0.218995 0.385032
0.201771 0.363132
0.619594 0.306775
0.110853 0.328125
0.916984 0.874374
0.527825 0.340888
0.395142 0.587274
0.325104 0.523251
0.748775 0.475068
0.652678 0.211180
0.260245 0.447674
0.817481 0.877999
0.474646 0.155866
0.300320 0.437740
0.017804 0.211992
0.271448 0.441798
0.057722 0.246500
0.160400 0.299720
0.861502 0.700216
0.416931 0.033064
0.819730 0.902680
0.626343 0.593708
0.021389 0.239343
0.764490 0.862975
0.136307 0.334300
0.229442 0.392902
0.691409 0.713196
0.534345 0.153885
0.016065 0.250418
0.248580 0.436856
0.900839 0.738889
0.364907 0.573547
0.767404 0.190931
0.545039 0.021644
0.843994 0.945844
0.291565 0.477614
0.688517 0.854807
0.504323 0.098823
0.669324 0.521426
0.649213 0.445257
0.375339 0.572806
0.146374 0.339367
0.408078 0.224134
0.510126 0.438330
0.687897 0.942808
0.364258 0.518265
0.751000 0.720652
0.229035 0.436906
0.115746 0.259314
0.139562 0.347473
0.338079 0.509670
0.232576 0.381946
0.241184 0.414560
0.138914 0.338754
0.277302 0.425445
0.361041 0.550540
0.600529 0.554265
0.730233 0.881463
0.546502 0.127419
0.018238 0.225063
0.007121 0.227424
0.503239 0.125815
0.614374 0.364661
0.492667 0.216119
0.154479 0.333001
0.735519 0.640396
0.068308 0.286362
0.154560 0.331801
0.634389 0.179968
0.052820 0.312685
0.527341 0.030422
0.087218 0.332092
0.003737 0.261164
0.677468 0.690137
0.254265 0.408831
0.008043 0.194342
0.336558 0.507320
0.024571 0.265665
0.027451 0.226942
0.139840 0.325723
0.946061 0.917254
0.758769 0.855544
0.663314 0.515690
0.116592 0.272094
0.997495 0.851890
0.292859 0.450726
0.556529 0.123224
0.575486 0.737343
0.599008 0.320828
0.175931 0.312900
0.529508 0.348975
0.487747 0.212045
0.864314 0.195617
0.722153 0.731253
0.458637 0.406154
0.686111 0.424455
0.670112 0.186964
0.498927 0.453715
0.565477 0.194221
0.064779 0.296653
0.763815 0.672988
0.111819 0.285582
0.122791 0.323880
0.746510 0.560931
0.059461 0.250090
0.033241 0.222222
0.142652 0.320890
0.461250 0.015275
0.634577 0.956822
0.311183 0.439924
0.258476 0.422868
0.170853 0.308135
0.658767 0.437541
0.156133 0.340521
0.746271 0.647416
0.727784 0.703648
0.091104 0.317090
0.897746 0.934388
0.818205 0.997513
0.294408 0.516559
0.412587 0.032807
0.027391 0.214424
0.739876 0.723398
0.052358 0.234491
0.403053 0.009713
0.933463 0.977503
0.119599 0.340267
0.539114 0.269770
0.050126 0.287276
0.315481 0.531780
0.196513 0.400575
0.212541 0.428001
0.093865 0.264488
0.463882 0.902777
0.184189 0.412653
0.628231 0.090509
0.028386 0.171444
0.789414 0.931047
0.399103 0.592446
0.608505 0.017145
0.284090 0.413810
0.358035 0.535802
0.020809 0.225180
0.176813 0.355864
0.530176 0.426915
0.135676 0.323390
0.732233 0.606765
0.201450 0.327598
0.665461 0.934780
0.845202 0.857111
0.411894 0.556925
0.162975 0.349114
0.158706 0.321095
0.159599 0.325056
0.324657 0.467548
0.427456 0.151611
0.156112 0.417156
0.471074 0.182949
0.551390 0.343943
0.721457 0.663809
0.429853 0.095881
0.421369 0.007762
0.957716 0.519980
0.146066 0.371883
0.117188 0.283323
0.133466 0.313978
0.108278 0.286012
0.615352 0.921818
0.233689 0.465346
0.283397 0.438358
0.362343 0.472423
0.519259 0.248815
0.001271 0.226443
0.391315 0.550407
0.607485 0.500224
0.135917 0.336050
0.373152 0.475344
0.307907 0.453446
0.093654 0.281085
0.550564 0.419512
0.031263 0.200708
0.572726 0.173005
0.356067 0.448608
0.686786 0.485602
0.901015 0.587135
0.433131 0.221342
0.299926 0.526509
0.011976 0.169437
0.543345 0.373752
0.283900 0.380797
0.824235 0.881195
0.117870 0.296795
0.473799 0.151920
0.844596 0.996808
0.776462 0.772454
0.398115 0.582732
0.171031 0.380787
0.552571 0.586280
0.684939 0.716266
0.278457 0.380183
0.664907 0.299476
0.253795 0.416560
0.777203 0.751551
0.697228 0.124945
0.086941 0.277888
0.789810 0.693042
0.215528 0.436327
0.668984 0.366178
0.618031 0.393862
0.631863 0.631635
0.029527 0.210148
0.724206 0.564629
0.165066 0.409797
0.340038 0.459904
0.829983 0.671319
0.463823 0.327245
0.891562 0.899624
0.874178 0.667743
0.772204 0.714339
0.195551 0.393730
0.354518 0.512603
0.611214 0.366047
0.522224 0.539055
0.105310 0.295247
0.097262 0.312624
0.171973 0.327277
0.365510 0.545126
0.620186 0.451871
0.141042 0.268785
0.736263 0.732053
0.001159 0.222669
0.777710 0.997236
0.282220 0.467809
0.894933 0.977308
0.767748 0.724573
0.841185 0.908391
0.141570 0.334870
0.254064 0.419124
0.330053 0.471008
0.470538 0.135360
0.310643 0.470767
0.391663 0.565109
0.672809 0.573208
0.763829 0.358837
0.276855 0.418190
0.717472 0.714693
0.680150 0.789321
0.218782 0.404275
0.676410 0.818706
0.762878 0.905344
0.651790 0.639802
0.743427 0.512318
0.573629 0.213905
0.614818 0.102111
0.788856 0.665464
0.111817 0.318842
0.469200 0.228552
0.027464 0.225719
0.359529 0.563924
0.518088 0.242641
0.356683 0.581389
0.265680 0.411642
0.224521 0.320737
0.944832 0.760266
0.128560 0.287872
0.070909 0.254597
0.512437 0.150428
0.678157 0.778296
0.096110 0.251559
0.122973 0.297216
0.419185 0.100028
0.824781 0.997155
0.973148 0.727180
0.349952 0.507247
0.554534 0.350055
0.229762 0.330002
0.198233 0.356271
0.017143 0.225072
0.026316 0.305326
0.653820 0.077395
0.714091 0.441095
0.210700 0.386238
0.114699 0.302829
0.455695 0.201378
0.333171 0.519930
0.282396 0.455416
0.530412 0.151916
0.383714 0.524025
0.184419 0.263533
0.651185 0.399644
0.712808 0.781532
0.683745 0.675252
0.810945 0.588460
0.774269 0.655389
0.495235 0.193420
0.379393 0.553963
0.555372 0.341513
0.838841 0.925952
0.905374 0.963146
0.587090 0.589926
0.317967 0.496297
0.395747 0.555126
0.503640 0.510802
0.307603 0.478032
0.610064 0.349205
0.347255 0.516206
0.848377 0.987520
0.457170 0.065795
0.249628 0.424330
0.587082 0.276869
0.186288 0.368820
0.479099 0.183017
0.338861 0.502786
0.209100 0.364321
0.668777 0.843182
0.909384 0.968401
0.147819 0.310110
0.311334 0.481645
0.708547 0.708501
0.320156 0.556436
0.424138 0.087485
0.602641 0.585470
0.005282 0.203252
0.843674 0.841623
0.225237 0.375765
0.048958 0.264624
0.379224 0.482949
0.042472 0.262862
0.198291 0.422204
0.999019 0.713947
0.493372 0.654398
0.594981 0.260029
0.802778 0.583796
0.585119 0.298050
0.744160 0.951947
0.026602 0.190907
0.046864 0.235813
0.781367 0.604808
0.536400 0.358298
0.461931 0.051541
0.508695 0.230807
0.784077 0.545363
0.779372 0.551564
0.605200 0.215504
0.073087 0.260027
0.211693 0.338333
0.561154 0.091748
0.757072 0.673940
0.138941 0.345264
0.551811 0.572462
0.550349 0.507860
0.274031 0.424253
0.362904 0.476823
0.776529 0.507252
0.453033 0.089916
