Variable_X Variable_Y
0.254214 0.325008
0.066595 0.142834
0.341942 0.310231
0.951121 0.921405
0.201183 0.305364
0.814208 0.837997
0.018300 0.114484
0.845704 0.823096
0.174261 0.243560
0.666677 0.700286
0.595255 0.313300
0.671536 0.694525
0.608677 0.676589
0.553235 0.221174
0.248686 0.242965
0.235159 0.267107
0.163580 0.127402
0.596341 0.356988
0.726205 0.685416
0.433002 0.372456
0.024723 0.102195
0.648904 0.568540
0.549896 0.262834
0.054504 0.102230
0.358090 0.358891
0.597321 0.170603
0.306925 0.358708
0.110453 0.216657
0.552399 0.153103
0.723115 0.556957
0.598633 0.543634
0.426535 0.374412
0.767098 0.760458
0.574038 0.037942
0.409137 0.398811
0.584465 0.442299
0.948450 0.941170
0.318569 0.385793
0.062524 0.162257
0.388648 0.347232
0.408504 0.337670
0.538111 0.116526
0.389566 0.371234
0.029331 0.159603
0.469540 0.417845
0.579039 0.548048
0.351237 0.343993
0.274514 0.270195
0.600682 0.163869
0.237032 0.218052
0.213167 0.246046
0.627914 0.500041
0.250337 0.267692
0.095963 0.112253
0.063614 0.114169
0.780759 0.794028
0.743067 0.726888
0.619630 0.633774
0.529693 0.056823
0.259227 0.208536
0.816069 0.879786
0.121104 0.145508
0.465798 0.427356
0.857089 0.795251
0.424368 0.432975
0.114649 0.202445
0.026621 0.034470
0.325956 0.318986
0.224913 0.226555
0.223150 0.231480
0.661965 0.573576
0.662853 0.609208
0.603846 0.402885
0.621122 0.524206
0.371702 0.376489
0.111576 0.205323
0.583847 0.220309
0.601067 0.562424
0.997483 0.948376
0.730252 0.657146
0.609666 0.340903
0.272118 0.385458
0.558043 0.252867
0.461252 0.432032
0.793921 0.828805
0.320943 0.324277
0.014842 0.151400
0.635756 0.067553
0.666856 0.684874
0.631867 0.411239
0.836512 0.868396
0.617723 0.468550
0.841556 0.887358
0.598516 0.648716
0.567914 0.488789
0.593551 0.258484
0.503098 0.263899
0.631300 0.608746
0.562907 0.563756
0.676779 0.691593
0.341997 0.304723
0.104011 0.179140
0.493296 0.412833
0.124451 0.321793
0.761623 0.713282
0.169005 0.244728
0.048933 0.149804
0.567664 0.224787
0.505514 0.007851
0.092311 0.160992
0.578732 0.013132
0.419282 0.374003
0.634341 0.400928
0.529590 0.410749
0.451598 0.430344
0.205745 0.234899
0.584799 0.515312
0.813795 0.829928
0.970267 0.958567
0.814692 0.786708
0.454454 0.442283
0.364122 0.249342
0.075020 0.175906
0.439461 0.377366
0.351202 0.265370
0.116012 0.116737
0.843152 0.835546
0.203049 0.265452
0.890582 0.920153
0.096625 0.132480
0.595660 0.266175
0.248271 0.247168
0.347956 0.348401
0.740286 0.708640
0.562274 0.218581
0.105086 0.210273
0.157950 0.206503
0.382515 0.288909
0.331221 0.317253
0.792012 0.769069
0.686056 0.431935
0.555223 0.576588
0.792815 0.809541
0.934166 0.922525
0.061455 0.101268
0.380722 0.352435
0.288288 0.291736
0.215224 0.225158
0.614196 0.638851
0.734220 0.796078
0.130824 0.185642
0.078130 0.178985
0.574041 0.005849
0.139821 0.169991
0.125691 0.264931
0.090466 0.200603
0.027839 0.125232
0.703777 0.803010
0.083054 0.189206
0.617287 0.580475
0.239012 0.308898
0.054494 0.131658
0.205116 0.303008
0.977573 0.936863
0.691151 0.763163
0.638201 0.463693
0.364845 0.360283
0.711694 0.710491
0.178047 0.263627
0.922533 0.895466
0.747717 0.791538
0.005579 0.115545
0.029069 0.119636
0.809021 0.870594
0.555907 0.515560
0.873219 0.904612
0.807672 0.812274
0.548133 0.358115
0.787267 0.793888
0.022038 0.074010
0.452123 0.461949
0.724582 0.746358
0.668962 0.712524
0.528953 0.167020
0.939097 0.889332
0.474595 0.381549
0.864373 0.861119
0.642891 0.505749
0.226891 0.219887
0.556361 0.497450
0.571737 0.380394
0.570549 0.468031
0.090602 0.128742
0.117533 0.112775
0.607797 0.415239
0.898130 0.899905
0.228293 0.245299
0.007583 0.103802
0.296164 0.252398
0.461905 0.373955
0.566035 0.488192
0.021591 0.133642
0.552598 0.203212
0.737473 0.801655
0.507931 0.105668
0.625615 0.535500
0.071323 0.162700
0.060787 0.133845
0.001310 0.064917
0.767548 0.769437
0.469342 0.369409
0.552889 0.174113
0.785841 0.681933
0.024754 0.229044
0.215966 0.291742
0.718665 0.689224
0.288377 0.320973
0.620779 0.656823
0.558366 0.168517
0.075994 0.139783
0.143580 0.167866
0.880195 0.891760
0.545804 0.229578
0.346379 0.357318
0.694753 0.575276
0.145614 0.203062
0.093004 0.198196
0.063149 0.120075
0.559840 0.050231
0.775024 0.725659
0.686610 0.672372
0.256149 0.286017
0.017542 0.048296
0.461559 0.370138
0.131882 0.216691
0.685245 0.732939
0.413602 0.357088
0.406633 0.425335
0.658245 0.618621
0.642324 0.667373
0.165958 0.265228
0.751077 0.636757
0.291164 0.345428
0.209217 0.232600
0.383450 0.408151
0.278962 0.306576
0.640295 0.548447
0.222153 0.245175
0.022055 0.084983
0.562282 0.475951
0.454533 0.317844
0.519076 0.091115
0.228372 0.244763
0.244163 0.232620
0.540074 0.211614
0.724546 0.676427
0.350310 0.322653
0.601047 0.468948
0.640182 0.617102
0.502563 0.465367
0.487617 0.406276
0.452761 0.399496
0.583578 0.361598
0.294476 0.284030
0.256245 0.236106
0.177862 0.268268
0.008195 0.081825
0.111632 0.159139
0.558502 0.128296
0.605735 0.055957
0.659011 0.674338
0.453881 0.470019
0.268852 0.346215
0.475536 0.358985
0.821137 0.794115
0.357732 0.352604
0.865348 0.861827
0.028981 0.134989
0.558761 0.242751
0.872654 0.919520
0.487752 0.486978
0.581063 0.600759
0.143922 0.248392
0.675369 0.627757
0.417077 0.401995
0.413745 0.388104
0.424932 0.406793
0.645401 0.569423
0.553461 0.215918
0.494762 0.493179
0.602447 0.474383
0.193152 0.308280
0.019416 0.131676
0.166926 0.191895
0.601603 0.142808
0.571089 0.407205
0.029501 0.114602
0.565768 0.078292
0.127537 0.101630
0.135723 0.299928
0.539830 0.090092
0.564917 0.543870
0.799857 0.846928
0.943108 0.929316
0.307552 0.290179
0.341184 0.394885
0.202634 0.213400
0.191938 0.167058
0.310673 0.315792
0.596165 0.220125
0.398384 0.328139
0.048734 0.111509
0.484460 0.427707
0.431987 0.384069
0.370844 0.342263
0.535276 0.318333
0.164207 0.262388
0.829267 0.856939
0.075815 0.099233
0.570187 0.163064
0.585430 0.317836
0.614429 0.220379
0.554113 0.642851
0.258382 0.363931
0.460404 0.419633
0.437825 0.441454
0.223948 0.251041
0.233165 0.240539
0.114264 0.117155
0.474541 0.408553
0.685642 0.721756
0.647102 0.682050
0.382148 0.382146
0.609340 0.525890
0.269225 0.296705
0.545508 0.157223
0.695900 0.650815
0.578261 0.485569
0.621936 0.642346
0.626791 0.673714
0.546246 0.532748
0.571355 0.056125
0.193643 0.166879
0.612653 0.466930
0.112873 0.178430
0.445217 0.380664
0.597725 0.015975
0.499704 0.443229
0.571931 0.044956
0.355126 0.329580
0.263923 0.240003
0.298150 0.296108
0.595375 0.092171
0.684007 0.566587
0.600284 0.414910
0.791932 0.773492
0.839711 0.835016
0.640310 0.659182
0.321144 0.264934
0.241723 0.303354
0.063891 0.112253
0.371183 0.373427
0.616280 0.354171
0.742985 0.787315
0.253955 0.299494
0.609385 0.531782
0.697457 0.650364
0.280343 0.293032
0.308319 0.318492
0.833949 0.833262
0.317982 0.356770
0.553644 0.528057
0.600149 0.024753
0.465071 0.437861
0.373810 0.402207
0.348035 0.305649
0.656618 0.605752
0.593627 0.359316
0.593685 0.551199
0.536773 0.292853
0.647320 0.553532
0.571821 0.581656
0.277353 0.267953
0.062224 0.147342
0.676621 0.692993
0.298269 0.314179
0.550100 0.344903
0.445882 0.365119
0.595815 0.429561
0.342293 0.288759
0.462662 0.375123
0.520859 0.105467
0.610844 0.593269
0.528248 0.230622
0.330486 0.321110
0.142565 0.114001
0.424732 0.277698
0.534644 0.404307
0.337918 0.320975
0.745280 0.707128
0.220578 0.182253
0.462353 0.340890
0.185919 0.245277
0.167298 0.188339
0.591850 0.601032
0.556253 0.334184
0.702436 0.679736
0.090215 0.123795
0.567403 0.356055
0.848567 0.891272
0.478354 0.428019
0.176608 0.232670
0.424023 0.425189
0.628572 0.535085
0.221018 0.257465
0.971217 0.981240
0.761105 0.778286
0.781207 0.749381
0.524049 0.235069
0.739516 0.632035
0.582250 0.272353
0.000653 0.127920
0.440043 0.482836
0.281252 0.331844
0.643019 0.701408
0.637293 0.566487
0.125976 0.222729
0.536755 0.146817
0.725157 0.778972
0.407748 0.387240
0.120233 0.137644
0.827119 0.861620
0.534312 0.192799
0.684793 0.732771
0.673658 0.670791
0.577419 0.148475
0.488367 0.458600
0.084472 0.124484
0.272540 0.307079
0.683796 0.477111
0.410209 0.456716
0.610038 0.220454
0.127059 0.152378
0.734644 0.702314
0.351623 0.326913
0.135490 0.160007
0.280446 0.282028
0.592367 0.456338
0.261353 0.306581
0.317317 0.345435
0.512851 0.109285
0.481822 0.446053
0.507741 0.438907
0.564770 0.585334
0.657752 0.599066
0.251698 0.191332
0.214268 0.255086
0.424271 0.410670
0.968331 0.942588
0.201471 0.229598
0.759232 0.767350
0.499128 0.425925
0.211846 0.257673
0.580393 0.164721
0.561960 0.054335
0.156636 0.223252
0.795621 0.769832
0.664307 0.785632
0.596579 0.586986
0.623295 0.550146
0.200720 0.219793
0.364673 0.320488
0.261584 0.239346
0.881948 0.867420
0.063715 0.121149
0.670405 0.496476
0.550683 0.221212
0.646815 0.545074
0.622170 0.522107
0.247195 0.253142
0.628265 0.538355
0.921699 0.847833
0.181331 0.211696
0.334929 0.341478
0.401333 0.362253
0.384931 0.380460
0.445897 0.385527
0.042266 0.145628
0.658171 0.529164
0.814157 0.841709
0.922598 0.882481
0.660110 0.453197
0.601439 0.031329
0.933590 0.865726
0.233132 0.336858
0.514181 0.167414
0.248604 0.225912
0.004192 0.175432
0.912570 0.887111
0.714958 0.734025
0.703944 0.702727
0.598636 0.490331
0.031563 0.105061
0.390689 0.399039
0.572000 0.501768
0.164219 0.243827
0.628609 0.624635
0.673504 0.565394
0.540526 0.278387
0.273898 0.296400
0.525991 0.434657
0.012157 0.172784
0.545514 0.321392
0.167203 0.188398
0.572833 0.227951
0.537784 0.453970
0.523254 0.313004
0.548012 0.129024
0.588683 0.037403
0.522422 0.085593
0.067699 0.141280
0.132321 0.178221
0.595357 0.357476
0.740358 0.697992
0.184255 0.268433
0.538415 0.245001
0.384398 0.265242
0.749302 0.800028
0.329260 0.341352
0.686993 0.612121
0.011439 0.068436
0.725974 0.740348
0.653571 0.620305
0.913124 0.932526
0.107133 0.164795
0.558754 0.127122
0.396330 0.407002
0.598984 0.558182
0.561815 0.096412
0.053505 0.091646
0.565941 0.014822
0.701986 0.669088
0.311339 0.318119
0.288225 0.270443
0.619251 0.639822
0.755960 0.704007
0.169001 0.223826
0.626113 0.588489
0.588341 0.254181
0.430150 0.392074
0.550992 0.515126
0.369659 0.380473
0.596605 0.609194
0.593385 0.174803
0.191733 0.223976
0.450676 0.454269
0.592438 0.486343
0.782796 0.782197
0.742281 0.691634
0.643881 0.608905
0.448023 0.369714
0.082124 0.150834
0.565429 0.518893
0.932420 0.954296
0.670675 0.515382
0.430299 0.400601
0.422275 0.438019
0.769986 0.816703
0.021252 0.107728
0.897557 0.891785
0.629985 0.356910
0.565637 0.306677
0.656690 0.551581
0.339687 0.350128
0.511318 0.118224
0.229634 0.294514
0.297615 0.323792
0.157679 0.205531
0.610791 0.393414
0.325034 0.297045
0.702211 0.718440
0.315410 0.364994
0.467017 0.380316
0.523904 0.279196
0.018166 0.039323
0.580509 0.274571
0.498825 0.483641
0.502016 0.005439
0.871881 0.863584
0.723468 0.720569
0.232008 0.266775
0.226954 0.261423
0.940333 0.935844
0.344702 0.329367
0.339449 0.357118
0.659546 0.435520
0.174027 0.235276
0.563504 0.314461
0.031486 0.195187
0.197364 0.269948
0.121129 0.190733
0.044353 0.138084
0.762399 0.762881
0.601255 0.066482
0.240071 0.263712
0.945499 0.918259
0.554672 0.053919
0.837055 0.801691
0.433697 0.383830
0.613313 0.254133
0.683529 0.625965
0.174480 0.272871
0.069797 0.091325
0.608842 0.178899
0.570763 0.066689
0.871093 0.840768
0.531035 0.634824
0.732817 0.673657
0.149859 0.171280
0.308460 0.295829
0.438800 0.414386
0.066616 0.181378
0.330809 0.327867
0.143100 0.226650
0.760156 0.725746
0.408748 0.410748
0.464020 0.382289
0.540610 0.067300
0.641598 0.601802
0.122308 0.164387
0.133256 0.137207
0.231639 0.256118
0.856612 0.907719
0.378846 0.356352
0.288350 0.212952
0.002133 0.030435
0.290885 0.330580
0.492434 0.470169
0.741768 0.805816
0.278185 0.262870
0.693684 0.713148
0.662165 0.634312
0.562308 0.200574
0.080416 0.119436
0.272253 0.308545
0.221210 0.250916
0.593523 0.219548
0.417250 0.450474
0.147859 0.223261
0.617917 0.444844
0.554331 0.352951
0.646088 0.603691
0.201641 0.216043
0.486298 0.451125
0.092672 0.174813
0.125511 0.142549
0.327998 0.394847
0.147761 0.244918
0.569134 0.255812
0.192188 0.213835
0.202616 0.289426
0.378399 0.391571
0.211578 0.225456
0.745669 0.734997
0.554719 0.490016
0.512656 0.014601
0.376951 0.357533
0.636250 0.063351
0.342032 0.347528
0.282243 0.242312
0.068284 0.145192
0.072140 0.204138
0.831662 0.836155
0.749969 0.783123
0.584420 0.377667
0.546840 0.237484
0.139487 0.183442
0.122395 0.212361
0.582236 0.014198
0.098012 0.141004
0.473688 0.441920
0.641462 0.614990
0.513208 0.144778
0.783585 0.821960
0.454305 0.469098
0.084792 0.118222
0.381552 0.414358
0.760780 0.787277
0.617668 0.632867
0.135175 0.252010
0.640403 0.752405
0.581661 0.497209
0.502696 0.264576
0.550578 0.265954
0.451965 0.450035
0.606285 0.027187
0.193601 0.206725
0.078469 0.130770
0.507664 0.094203
0.566820 0.353515
0.545670 0.198587
0.018357 0.100921
0.126104 0.202567
0.616263 0.283351
0.539372 0.398667
0.167498 0.216852
0.644523 0.170311
0.144183 0.158856
0.952407 0.965050
0.568876 0.112845
0.567140 0.279465
0.553044 0.437354
0.493193 0.439080
0.589576 0.434805
0.545214 0.283495
0.593027 0.034496
0.585300 0.334449
0.620900 0.286811
0.005021 0.109721
0.692701 0.734683
0.801333 0.863840
0.632493 0.660548
0.138259 0.160506
0.554940 0.350906
0.560899 0.045255
0.276182 0.316792
0.255382 0.320248
0.157251 0.208311
0.962841 0.940226
0.646788 0.564734
0.640239 0.472820
0.662459 0.199885
0.248271 0.289132
0.201448 0.261462
0.265788 0.311171
0.332378 0.323261
0.588779 0.550626
0.450483 0.457039
0.617301 0.646330
0.201150 0.252220
0.579290 0.003132
0.380985 0.397992
0.148503 0.163042
0.623678 0.244624
0.470406 0.411505
0.559813 0.520690
0.265227 0.294973
0.031832 0.151610
0.124960 0.196038
0.484375 0.420376
0.668399 0.729065
0.467517 0.466365
0.319736 0.266155
0.349251 0.304621
0.205561 0.232962
0.441606 0.438940
0.575985 0.415401
0.190618 0.195791
0.280061 0.320177
0.697295 0.673203
0.640640 0.574271
0.229295 0.218740
0.696070 0.765575
0.712099 0.612107
0.349596 0.337624
0.568522 0.447480
0.337427 0.308823
0.038083 0.122149
0.670411 0.675948
0.559216 0.146303
0.233046 0.288814
0.980351 0.974325
0.449600 0.450525
0.870491 0.863333
0.748685 0.744594
0.322906 0.332338
0.617479 0.405797
0.529198 0.253330
0.778477 0.768432
0.603766 0.470919
0.407950 0.428505
0.569657 0.184252
0.427094 0.383848
0.059280 0.114616
0.536666 0.210529
0.128470 0.166489
0.434948 0.406472
0.451105 0.388919
0.036292 0.114799
0.277485 0.211325
0.645900 0.648579
0.224320 0.298707
0.654993 0.692530
0.587131 0.491524
0.249438 0.279620
0.538082 0.309957
0.711484 0.756709
0.639830 0.593714
0.579101 0.268059
0.965908 0.943392
0.587087 0.413563
0.360430 0.287041
0.796161 0.781661
0.852199 0.838130
0.014126 0.154721
0.563800 0.020810
0.566787 0.561928
0.403171 0.378581
0.280208 0.279214
0.321700 0.379577
0.608434 0.552059
0.398848 0.356934
0.560021 0.372919
0.390589 0.400763
0.610237 0.582964
0.004335 0.040228
0.288207 0.302845
0.214805 0.301324
0.150021 0.290768
0.135760 0.106036
0.696264 0.630414
0.555138 0.198579
0.312817 0.289392
0.587431 0.010463
0.692757 0.712071
0.289240 0.377676
0.007562 0.097214
0.371791 0.432951
0.416084 0.434896
0.591328 0.337686
0.802465 0.814501
0.042709 0.166541
0.310783 0.350861
0.415198 0.369051
0.559166 0.201668
0.646302 0.628586
0.634479 0.682815
0.371711 0.307293
0.655642 0.739142
0.018959 0.072893
0.617805 0.654965
0.637953 0.405111
0.756041 0.817248
0.621959 0.481781
0.217410 0.224033
0.525718 0.022055
0.710845 0.656805
0.298915 0.271198
0.552521 0.411792
0.247644 0.355537
0.219373 0.206926
0.160244 0.246733
0.480773 0.460780
0.612210 0.242055
0.132290 0.234773
0.557314 0.118784
0.234981 0.303905
0.401005 0.355525
0.286012 0.336664
0.002364 0.103207
0.334838 0.261289
0.577069 0.011937
0.521056 0.251202
0.142498 0.132369
0.337354 0.320147
0.653930 0.573628
0.756237 0.728651
0.231975 0.251246
0.238308 0.241379
0.714103 0.700517
0.247137 0.242168
0.181864 0.233076
0.536075 0.401782
0.177246 0.215658
0.417397 0.364916
0.672044 0.557042
0.435489 0.419183
0.548087 0.122024
0.563450 0.527323
0.519243 0.464858
0.624073 0.601216
0.279566 0.299152
0.219215 0.263150
0.974397 0.954997
0.302112 0.328303
0.157703 0.273876
0.424678 0.388007
0.990503 0.903621
0.815820 0.751642
0.144625 0.232100
0.440680 0.363012
0.659793 0.702473
0.220689 0.167031
0.128030 0.216226
0.575139 0.499328
0.716766 0.639748
0.532728 0.160055
0.243028 0.274412
0.447712 0.403342
0.385915 0.442379
0.031153 0.177356
0.466725 0.431130
0.325563 0.365499
0.520017 0.195564
0.183141 0.226980
0.699156 0.689314
0.544607 0.051229
0.615747 0.433416
0.551692 0.006356
0.066353 0.142672
0.219577 0.193526
0.177092 0.195421
0.486846 0.431497
0.637401 0.667281
0.193553 0.185808
0.386640 0.328240
0.639182 0.721182
0.411868 0.388979
0.561074 0.023839
0.984251 0.931764
0.689103 0.504484
0.396574 0.367354
0.314056 0.322042
0.166020 0.248941
0.318873 0.307157
0.489794 0.388976
0.178679 0.243174
0.286667 0.267257
0.558386 0.315373
0.208217 0.271061
0.767588 0.830350
0.639658 0.650914
0.005223 0.065505
0.582314 0.537272
0.832513 0.888385
0.590749 0.261199
0.039158 0.166117
0.161565 0.196576
0.620564 0.401393
0.616599 0.537065
0.433869 0.375016
0.576479 0.050472
0.012436 0.180291
0.029224 0.144460
0.713009 0.692277
0.557384 0.255691
0.434486 0.431238
0.818087 0.783833
0.239491 0.308115
0.428949 0.368339
0.602500 0.601428
0.556513 0.107708
0.519254 0.302468
0.834921 0.841406
0.883766 0.846019
0.643721 0.582721
0.582655 0.195279
0.330142 0.356827
0.201725 0.248549
0.529513 0.347515
0.311267 0.375060
0.897967 0.918042
0.797474 0.817970
0.674531 0.599459
0.608629 0.086289
0.750866 0.830085
0.602349 0.351002
0.113720 0.193518
0.271370 0.318679
0.071407 0.171417
0.647775 0.575471
0.668136 0.706720
0.575931 0.349111
0.909031 0.913437
0.121402 0.185726
0.554192 0.285022
0.603255 0.512414
0.727310 0.717008
0.317892 0.302221
0.511651 0.292537
0.621955 0.493389
0.610065 0.539129
0.543774 0.335795
0.131736 0.221943
0.362623 0.415360
0.214135 0.308236
0.334229 0.241414
0.649799 0.505927
0.103535 0.134077
0.059622 0.173348
0.585256 0.508319
0.343893 0.385660
0.638370 0.576375
0.615397 0.405639
0.453677 0.428889
0.477437 0.483175
0.819146 0.851396
0.759546 0.788376
0.625544 0.625015
0.185517 0.230655
0.619058 0.580537
0.265937 0.216773
0.650040 0.356203
0.778530 0.773527
0.275966 0.341565
0.684052 0.607768
0.339732 0.322839
0.005734 0.052886
0.428415 0.425320
0.706371 0.670275
0.127813 0.171855
0.803880 0.801125
0.294735 0.308584
0.488420 0.445219
0.544780 0.423565
0.078532 0.167514
0.201214 0.268377
0.262671 0.266161
0.560734 0.246543
0.867290 0.837795
0.690133 0.699262
0.305373 0.323317
0.642390 0.643475
0.575187 0.038058
0.540154 0.252003
0.593694 0.064377
0.573371 0.303106
0.012413 0.114216
0.747248 0.712657
0.552056 0.223901
0.363633 0.406154
0.125817 0.167765
0.212464 0.236592
0.137162 0.259213
0.000119 0.059213
0.333840 0.305960
0.414111 0.345500
0.575503 0.266853
0.637066 0.459654
0.313435 0.292319
0.583641 0.148435
0.419232 0.350552
0.094555 0.263483
0.990100 0.925852
0.715262 0.817178
0.168127 0.177974
0.813623 0.849218
0.517530 0.397133
0.098675 0.138790
0.605435 0.358385
0.614883 0.428693
0.653112 0.548246
0.422244 0.383387
0.287699 0.290762
0.872946 0.806300
0.309508 0.324293
0.345506 0.381724
0.464334 0.410410
0.733766 0.726885
0.396933 0.383550
0.560874 0.199830
0.177844 0.234872
0.104910 0.139009
0.485634 0.358342
0.098726 0.167829
0.006809 0.134170
0.245163 0.293616
0.524487 0.162524
0.612280 0.591081
0.707603 0.463201
0.283409 0.330817
0.150554 0.295880
0.597031 0.548699
0.193570 0.253614
0.353362 0.328696
0.113212 0.147968
0.101540 0.198933
0.980292 0.938839
0.508545 0.358011
0.635601 0.463769
0.355565 0.348740
0.783478 0.778160
0.622517 0.552717
0.721194 0.787124
0.611408 0.483024
0.835717 0.894505
0.241257 0.313771
0.549834 0.166270
0.356624 0.363291
0.618601 0.416770
0.420886 0.453956
0.471057 0.421548
0.627647 0.116332
0.429538 0.341879
0.161746 0.147053
0.570373 0.202936
0.102702 0.206716
0.777272 0.827668
0.148852 0.214652
0.329741 0.301587
0.646647 0.220120
0.997571 0.978770
0.923324 0.927556
0.565945 0.277722
0.051778 0.085043
0.154834 0.217504
0.389920 0.295845
0.826341 0.840817
0.881869 0.888947
0.586001 0.181611
0.347637 0.318361
0.551960 0.380255
0.235391 0.224336
0.474774 0.442072
0.575151 0.548090
0.236409 0.278950
0.391979 0.382482
0.577156 0.346406
0.912099 0.911848
0.256371 0.304650
0.761718 0.702736
0.565181 0.070713
0.502753 0.284397
0.294033 0.324588
0.156028 0.222999
0.612528 0.287330
0.585341 0.592940
0.246023 0.330643
0.630723 0.562543
0.171518 0.173217
0.530310 0.370213
0.451762 0.463956
0.035884 0.122060
0.517761 0.091651
0.539832 0.334567
0.296577 0.338876
0.313393 0.252762
0.293368 0.190765
0.593210 0.581020
0.376961 0.407939
0.629773 0.614592
0.110096 0.207626
0.562425 0.344073
0.686699 0.749982
0.586191 0.347531
0.623578 0.215327
0.601541 0.538917
0.562709 0.236364
0.574356 0.191659
0.824268 0.798953
0.049065 0.110487
0.048943 0.179493
0.252178 0.316843
0.167403 0.172640
0.992036 0.960143
0.459036 0.491113
0.051422 0.105468
0.497769 0.393209
0.582261 0.295486
0.568381 0.043116
0.508055 0.106880
0.789352 0.859203
0.383702 0.328957
0.648453 0.425590
0.272779 0.271440
0.186010 0.236100
0.889159 0.860654
0.583963 0.625455
0.433506 0.395168
0.734958 0.725508
0.581311 0.500404
0.436194 0.359216
0.137250 0.207609
0.567416 0.303688
0.561368 0.333663
0.590098 0.201218
0.540812 0.499909
0.440222 0.402190
0.597702 0.374339
0.013254 0.138910
0.732854 0.706143
0.102956 0.131029
0.565425 0.124183
0.288444 0.323065
0.691907 0.632235
0.373607 0.275573
0.988805 0.917178
0.321738 0.302042
0.953296 0.967597
0.627253 0.508763
0.479313 0.421107
0.434311 0.418623
0.778259 0.785169
0.623901 0.535876
0.496005 0.492533
0.632093 0.676293
0.565126 0.575246
0.083795 0.123422
0.096087 0.189407
0.813623 0.841393
0.233145 0.247817
0.533993 0.217808
0.554471 0.004273
0.876916 0.887885
0.277720 0.294032
0.490172 0.388656
0.199873 0.191823
0.438165 0.450109
0.199528 0.228777
0.483211 0.519377
0.393888 0.349074
0.700970 0.695112
0.785588 0.742064
0.018791 0.109083
0.058014 0.182361
0.342337 0.367812
0.211436 0.338186
0.558242 0.260162
0.217604 0.270877
0.528651 0.001536
0.604781 0.184947
0.566452 0.483865
0.554873 0.097173
0.615443 0.592649
0.016696 0.086122
0.184417 0.201072
0.244670 0.396166
0.129571 0.098408
0.577462 0.197339
0.626437 0.559419
0.635516 0.499216
0.468771 0.390559
0.584708 0.130757
0.686975 0.664597
0.583792 0.367196
0.295264 0.312260
0.622510 0.624859
0.453026 0.439560
0.555050 0.226087
0.067282 0.092246
0.033129 0.085064
0.565774 0.338208
0.185132 0.258545
0.563070 0.332047
0.749372 0.752552
0.551146 0.114226
0.577037 0.355757
0.550849 0.091321
0.422054 0.369529
0.439505 0.408352
0.443799 0.354698
0.640646 0.640450
0.772309 0.742757
0.073572 0.139141
0.417983 0.347147
0.614862 0.099643
0.182485 0.170670
0.873420 0.843473
0.617080 0.078960
0.653513 0.572340
0.121047 0.107325
0.180376 0.230883
0.504829 0.115361
0.172610 0.247153
0.317884 0.253272
0.636329 0.634296
0.616983 0.494999
0.030798 0.105122
0.362498 0.375202
0.201643 0.239943
0.077463 0.159583
0.437236 0.400459
0.302421 0.292952
0.361356 0.396250
0.701484 0.688833
0.962907 0.945442
0.585941 0.361191
0.589748 0.059242
0.432307 0.394636
0.750020 0.745555
0.567925 0.062388
0.631133 0.333576
0.038926 0.050187
0.135857 0.207736
0.625124 0.669949
0.358722 0.331135
0.459106 0.449848
0.628675 0.563612
0.113115 0.206931
0.994397 0.919744
0.511329 0.330291
0.637019 0.738916
0.105870 0.198049
0.390683 0.331227
0.578928 0.398027
0.832128 0.812429
0.536287 0.094522
0.540237 0.452349
0.119814 0.191084
0.844452 0.752803
0.807310 0.845186
0.375973 0.372946
0.054608 0.168494
0.474242 0.505699
0.038093 0.148208
0.264350 0.271148
0.170918 0.178131
0.045010 0.139455
0.269078 0.288505
0.632026 0.705494
0.256200 0.356097
0.602778 0.116726
0.146833 0.239732
0.534706 0.343225
0.512943 0.390531
0.719865 0.743123
0.726138 0.760087
0.935585 0.907442
0.301557 0.319815
0.452819 0.464824
0.593024 0.559871
0.536809 0.288903
0.148218 0.150844
0.166025 0.107073
0.649432 0.646361
0.465975 0.394689
0.577995 0.312781
0.443309 0.451428
0.588424 0.054724
0.618001 0.406801
0.607498 0.514669
0.162775 0.133586
0.712102 0.738702
0.905764 0.863101
0.819366 0.827097
0.610560 0.173214
0.609590 0.568904
0.572726 0.069776
0.007138 0.132197
0.627726 0.177137
0.639929 0.229511
0.285213 0.367697
0.485061 0.368091
0.134956 0.152951
0.398984 0.330502
0.160674 0.218443
0.584568 0.061215
0.803040 0.851075
0.133740 0.245140
0.628349 0.596261
0.065336 0.185023
0.468425 0.402189
0.743283 0.778761
0.873436 0.902034
0.005180 0.107799
0.078885 0.063826
0.572375 0.336758
0.280236 0.274923
0.261818 0.263519
0.424293 0.356933
0.552067 0.478886
0.978796 0.987177
0.506795 0.226871
0.144076 0.250267
0.920094 0.879947
0.561903 0.102407
0.232592 0.197428
0.244050 0.280487
0.609566 0.470197
0.611236 0.642830
0.360706 0.365905
0.859760 0.805004
0.265454 0.345648
0.483773 0.439888
0.192864 0.259775
0.562733 0.263383
0.486680 0.435105
0.168985 0.182166
0.531049 0.460220
0.515212 0.071639
0.539631 0.157838
0.381467 0.279609
0.405348 0.455165
0.365200 0.304913
0.521644 0.149992
0.075419 0.090778
0.188665 0.182547
0.476986 0.385783
0.381146 0.353225
0.128724 0.256745
0.765086 0.711867
0.544188 0.453194
0.412266 0.338152
0.514521 0.026945
0.585147 0.504226
0.561921 0.376641
0.380858 0.352149
0.055193 0.158631
0.532771 0.052777
0.019079 0.090735
0.219772 0.234296
0.679481 0.631041
0.579546 0.266299
0.104382 0.129701
0.524242 0.423507
0.417148 0.317808
0.306195 0.332922
0.585499 0.424625
0.520220 0.039408
0.960126 0.916281
0.181517 0.207876
0.541804 0.337673
0.335444 0.432554
0.492131 0.420332
0.558289 0.091189
0.793399 0.834192
0.610713 0.323749
0.790925 0.860471
0.838041 0.837582
0.633046 0.292640
0.033449 0.218431
0.551997 0.173779
0.142407 0.191714
0.612675 0.197763
0.186555 0.213714
0.087488 0.163809
0.806875 0.779890
0.441223 0.460939
0.290407 0.316812
0.759334 0.822296
0.330926 0.398053
0.558760 0.577945
0.574443 0.567611
0.490546 0.459866
0.509933 0.037777
0.226824 0.298858
0.524767 0.123024
0.566712 0.309703
0.606944 0.530848
0.095367 0.140281
0.376807 0.353468
0.492907 0.476398
0.622147 0.440469
0.910995 0.844045
0.564654 0.061271
0.891795 0.850225
0.413792 0.389774
0.109261 0.100924
0.686485 0.756293
0.700889 0.563210
0.143873 0.168895
0.611549 0.526091
0.916031 0.849553
0.004199 0.072528
0.333287 0.333288
0.587092 0.299949
0.726956 0.779991
0.182777 0.187194
0.599027 0.269488
0.037601 0.121321
0.380806 0.334200
0.152307 0.178934
0.611421 0.571339
0.175753 0.264798
0.536594 0.175024
0.590411 0.042730
0.104093 0.191711
0.699068 0.753372
0.055236 0.139254
0.118402 0.217460
0.290627 0.247881
0.016976 0.041303
0.564626 0.322442
0.305970 0.258304
0.656029 0.580250
0.339804 0.354110
0.033795 0.135493
0.691272 0.733712
0.516638 0.241271
0.086399 0.198494
0.916551 0.909194
0.571481 0.419645
0.917041 0.904383
0.003194 0.092898
0.182197 0.201065
0.497830 0.386340
0.301113 0.315641
0.593645 0.291493
0.433763 0.352841
0.173050 0.214869
0.763271 0.793641
0.314692 0.253445
0.358713 0.342563
0.389922 0.385844
0.645215 0.654140
0.441891 0.412547
0.237339 0.217272
0.254525 0.287519
0.215864 0.210181
0.034364 0.071691
0.404954 0.339644
0.549666 0.282404
0.688099 0.636888
0.556379 0.174516
0.031047 0.123030
0.868469 0.898952
0.597581 0.270804
0.118024 0.149373
0.373431 0.372935
0.668511 0.613820
0.688433 0.668564
0.404362 0.391296
0.367773 0.409780
0.514640 0.402586
0.534874 0.371680
0.141815 0.183238
0.552749 0.177705
0.560122 0.665178
0.265536 0.298589
0.741949 0.615363
0.491842 0.418575
0.380612 0.395005
0.099393 0.154648
0.127156 0.183771
0.543005 0.342557
0.547089 0.004792
0.578817 0.315852
0.601385 0.507452
0.547860 0.201152
0.601699 0.316948
0.347094 0.324884
0.602132 0.527737
0.205986 0.247036
0.429566 0.405310
0.500959 0.546491
0.028043 0.049471
0.402340 0.375711
0.603790 0.599461
0.481302 0.406059
0.388705 0.359854
0.444035 0.430237
0.126676 0.174299
0.310507 0.285668
0.034475 0.101186
0.500786 0.347942
0.040628 0.115672
0.209730 0.210656
0.616784 0.293955
0.556316 0.170223
0.012403 0.130218
0.371533 0.455124
0.193580 0.238690
0.465939 0.457794
0.361367 0.366469
0.257059 0.271628
0.027736 0.120641
0.556364 0.051137
0.581707 0.465873
0.582635 0.374632
0.622006 0.139061
0.301822 0.270785
0.342474 0.293352
0.391385 0.351312
0.381103 0.400032
0.663292 0.715954
0.096661 0.176972
0.126542 0.199088
0.463932 0.389372
0.567460 0.445156
0.085209 0.124832
0.743489 0.773407
0.643808 0.478444
0.318221 0.361714
0.072827 0.105920
0.553382 0.424362
0.429372 0.345902
0.601135 0.443042
0.178267 0.224304
0.192917 0.224239
0.551774 0.110294
0.600593 0.034451
0.581786 0.237453
0.073095 0.072075
0.825211 0.869818
0.252175 0.310315
0.586448 0.595551
0.389035 0.371329
0.556248 0.084816
0.585920 0.344023
0.565469 0.006879
0.595722 0.576098
0.466966 0.388976
0.985412 0.940078
0.305842 0.323466
0.573938 0.494179
0.099671 0.097026
0.664818 0.582024
0.047728 0.126113
0.545237 0.245478
0.384389 0.334311
0.128689 0.105742
0.009757 0.115919
0.781096 0.751711
0.525158 0.142899
0.547248 0.334073
0.130964 0.153681
0.149848 0.245750
0.326388 0.341480
0.587934 0.167149
0.350339 0.356690
0.252691 0.240780
0.075331 0.201345
0.532416 0.424271
0.213559 0.268724
0.230859 0.266440
0.310657 0.336720
0.814771 0.879358
0.567406 0.265396
0.060245 0.134473
0.481994 0.368648
0.702002 0.686275
0.657917 0.609882
0.562666 0.088647
0.472649 0.502020
0.361745 0.383827
0.531382 0.094339
0.601810 0.002089
0.618844 0.616991
0.772807 0.828012
0.311098 0.228145
0.593496 0.128976
0.479853 0.424119
0.619600 0.498757
0.716090 0.714187
0.584678 0.297472
0.619231 0.597772
0.592761 0.590751
0.541556 0.228535
0.519035 0.475915
0.084900 0.201197
0.380709 0.393345
0.435851 0.368755
0.150020 0.190222
0.321280 0.434067
0.626173 0.498434
0.527654 0.175775
0.555739 0.170927
0.019479 0.082169
0.071706 0.156973
0.088257 0.152859
0.036448 0.096427
0.049386 0.152587
0.605051 0.307009
0.160956 0.192797
0.263860 0.240876
0.100943 0.116228
0.592045 0.413333
0.062164 0.161665
0.548405 0.323883
0.151610 0.235427
0.592439 0.556522
0.234767 0.295834
0.664448 0.543453
0.360881 0.408619
0.440637 0.426033
0.189920 0.217746
0.513374 0.380254
0.150385 0.262711
0.812796 0.798974
0.382408 0.449458
0.608998 0.477720
0.740812 0.773138
0.529732 0.232297
0.377105 0.299056
0.515980 0.481417
0.649178 0.656116
0.061024 0.179834
0.574089 0.213142
0.091651 0.147118
0.510454 0.227418
0.545988 0.337480
0.371081 0.352952
0.075993 0.233176
0.585944 0.211496
0.015837 0.141275
0.408578 0.389935
0.064189 0.084233
0.387009 0.414049
0.288139 0.319173
0.427185 0.390653
0.526571 0.068766
0.153241 0.225000
0.423038 0.367986
0.558082 0.352113
0.513487 0.075103
0.437977 0.450792
0.154845 0.180674
0.564239 0.090209
0.091461 0.163897
0.693501 0.592592
0.929710 0.890142
0.669129 0.530250
0.246316 0.261069
0.594817 0.134475
0.400435 0.377933
0.884992 0.848778
0.559281 0.204768
0.986302 0.992046
0.623316 0.299915
0.625137 0.454873
0.102747 0.111806
0.610201 0.305222
0.576510 0.117249
0.040640 0.082502
0.039251 0.128214
0.046108 0.179744
0.763210 0.720320
0.696218 0.714477
0.653471 0.691045
0.478421 0.360425
0.484155 0.415395
0.056631 0.161817
0.541290 0.082300
0.160291 0.282292
0.706940 0.669872
0.393899 0.460383
0.626049 0.618548
0.700522 0.675509
0.052774 0.192375
0.081117 0.124419
0.631445 0.559731
0.293576 0.327400
0.095092 0.144148
0.030369 0.194010
0.358672 0.390248
0.829835 0.842339
0.549480 0.046780
0.931664 0.908779
0.594388 0.038362
0.186306 0.320939
0.613343 0.335990
0.227344 0.302573
0.682900 0.725140
0.877940 0.903227
0.565822 0.708252
0.203231 0.217749
0.421555 0.404483
0.451333 0.385314
0.628440 0.465791
0.520679 0.364177
0.631220 0.196944
0.579578 0.067342
0.815826 0.835693
0.829524 0.857187
0.406151 0.417068
0.476337 0.444436
0.344458 0.360636
0.529457 0.163727
0.289314 0.245669
0.432963 0.471567
0.631048 0.390902
0.563153 0.064862
0.563026 0.137723
0.681761 0.725484
0.358422 0.387200
0.617960 0.319507
0.523918 0.336629
0.236101 0.222381
0.782775 0.814801
0.573422 0.633773
0.306098 0.371096
0.581508 0.606016
0.515598 0.335110
0.310366 0.402931
0.520242 0.357089
0.310720 0.345986
0.460057 0.426416
0.898318 0.908217
0.423009 0.463476
0.353523 0.396525
0.403496 0.366671
0.023500 0.199868
0.734592 0.683267
0.610870 0.380274
0.553455 0.131822
0.042465 0.099291
0.529586 0.228023
0.499595 0.425993
0.576911 0.391743
0.383218 0.378734
0.932419 0.896191
0.609133 0.559318
0.554624 0.138449
0.172695 0.235853
0.897704 0.905140
0.224889 0.260184
0.732802 0.733871
0.590350 0.156687
0.521207 0.034762
0.301773 0.300499
0.907272 0.872522
0.743246 0.849580
0.678013 0.497474
0.118018 0.216004
0.703588 0.582618
0.584676 0.245291
0.801927 0.843728
0.092220 0.168160
0.190572 0.259298
0.086067 0.131537
0.318254 0.315651
0.488595 0.407599
0.498422 0.432109
0.408305 0.380078
0.051263 0.125831
0.957395 0.916189
0.591117 0.340707
0.627506 0.567654
0.208769 0.262066
0.312912 0.322077
0.676854 0.689368
0.759324 0.720309
0.578823 0.153282
0.564841 0.476227
0.120145 0.201782
0.469580 0.467319
0.388336 0.308970
0.610020 0.385395
0.462085 0.365820
0.249555 0.186252
0.531395 0.308560
0.678392 0.699794
0.116246 0.196575
0.103061 0.233147
0.442216 0.426096
0.557671 0.143354
0.598554 0.477322
0.357516 0.353161
0.355096 0.341943
0.208601 0.274064
0.557737 0.182265
0.040588 0.136577
0.647995 0.629146
0.039065 0.188510
0.438811 0.424457
0.402141 0.379244
0.371189 0.366395
0.443853 0.383174
0.595255 0.383805
0.488744 0.413867
0.912848 0.932075
0.710639 0.578856
0.552860 0.217573
0.645413 0.648418
0.963359 0.925312
0.743412 0.735473
0.581522 0.069031
0.429725 0.391620
0.209447 0.214857
0.546828 0.116232
0.243962 0.280247
0.881031 0.862566
0.120851 0.207210
0.670932 0.514185
0.435280 0.393470
0.001504 0.103031
0.575330 0.580046
0.581622 0.015257
0.296509 0.329096
0.602899 0.259406
0.573963 0.533497
0.563949 0.644995
0.709395 0.704086
0.574260 0.381669
0.076796 0.218944
0.883626 0.852172
0.591529 0.475634
0.490033 0.361996
0.413930 0.342322
0.283580 0.326679
0.132994 0.174673
0.662178 0.668379
0.332962 0.337298
0.566720 0.138592
0.108016 0.118485
0.705052 0.759384
0.300259 0.265173
0.649490 0.755292
0.468985 0.485757
0.200023 0.267245
0.429884 0.397560
0.343409 0.372611
0.072880 0.168398
0.484725 0.478064
0.028488 0.177595
0.427188 0.361764
0.456033 0.461573
0.126993 0.184160
0.611221 0.429870
0.249981 0.316908
0.283747 0.244245
0.769327 0.727456
0.262167 0.250824
0.338458 0.427844
0.289184 0.311405
0.912035 0.863096
0.720181 0.801250
0.569666 0.257756
0.679381 0.713301
0.474192 0.457431
0.071709 0.144502
0.695044 0.692306
0.112019 0.173271
0.569137 0.359862
0.927168 0.936992
0.147458 0.256192
0.651919 0.656010
0.721178 0.751090
0.666626 0.696505
0.240297 0.304670
0.875147 0.912933
0.060972 0.219422
0.923246 0.920148
0.320803 0.373157
0.886138 0.838731
0.993985 0.946227
0.267964 0.274743
0.720200 0.647242
0.586330 0.307382
0.163329 0.177498
0.179805 0.209371
0.568642 0.517820
0.089674 0.212176
0.441938 0.395503
0.636328 0.145336
0.264924 0.318801
0.578863 0.478863
0.144488 0.159852
0.010632 0.024283
0.135446 0.218172
0.405964 0.329568
0.688346 0.620737
0.327021 0.398862
0.101517 0.183284
0.547345 0.438811
0.875055 0.883922
0.550623 0.527832
0.034506 0.127730
0.242466 0.288092
0.628820 0.651132
0.373193 0.357510
0.361688 0.433766
0.312138 0.315266
0.417917 0.327684
0.554919 0.385414
0.592802 0.438289
0.402843 0.389857
0.640885 0.613952
0.810937 0.830919
0.477254 0.393079
0.429012 0.373410
0.114033 0.207921
0.596902 0.501143
0.634406 0.669263
0.536931 0.049747
0.574716 0.209998
0.067332 0.147787
0.366955 0.376791
0.058003 0.070653
0.514130 0.075492
0.633737 0.448377
0.740607 0.725171
0.202420 0.218619
0.474887 0.423902
0.877301 0.906492
0.838503 0.884311
0.461146 0.391705
0.199322 0.255803
0.529257 0.152441
0.325913 0.377026
0.562521 0.321040
0.008372 0.135613
0.785451 0.816561
0.502440 0.031455
0.681462 0.628309
0.418144 0.403052
0.364481 0.362555
0.174216 0.249500
0.966102 0.917947
0.250925 0.252685
0.054553 0.103148
0.533866 0.204118
0.659751 0.319552
0.197112 0.257398
0.606433 0.320195
0.442804 0.417965
0.538036 0.044774
0.570570 0.407527
0.164064 0.283390
0.265918 0.317466
