Soil_Moisture_m3_m3	Evapotranspiration_mm
0.35470833333333335	0.010833333333333334
0.373875	0.035833333333333335
0.3875416666666667	0.03416666666666667
0.40562499999999996	0.029166666666666664
0.397875	0.02666666666666667
0.3961666666666667	0.016666666666666666
0.38304166666666667	0.01625
0.377125	0.011250000000000001
0.4017916666666667	0.051666666666666666
0.42008333333333336	0.07666666666666667
0.413375	0.050833333333333335
0.40054166666666663	0.05333333333333334
0.38833333333333336	0.03166666666666667
0.38275	0.022083333333333333
0.38004166666666667	0.03125
0.3755	0.014166666666666668
0.37404166666666666	0.020416666666666666
0.37670833333333337	0.014583333333333335
0.3722916666666667	0.012499999999999999
0.3701666666666667	0.015416666666666667
0.36725	0.015416666666666667
0.36474999999999996	0.015416666666666667
0.36562500000000003	0.015833333333333335
0.36437499999999995	0.03625
0.3640833333333333	0.034583333333333334
0.365125	0.0275
0.36991666666666667	0.025416666666666667
0.3754583333333333	0.030416666666666665
0.37316666666666665	0.019583333333333335
0.38525000000000004	0.01916666666666667
0.38408333333333333	0.03958333333333334
0.37904166666666667	0.024166666666666666
0.3765	0.034583333333333334
0.37404166666666666	0.03416666666666667
0.372125	0.02041666666666667
0.3698333333333333	0.02291666666666667
0.3662916666666667	0.03916666666666667
0.363	0.04666666666666667
0.3607916666666666	0.0675
0.36395833333333333	0.035416666666666666
0.4150416666666667	0.025416666666666667
0.40199999999999997	0.02666666666666667
0.3930833333333334	0.04041666666666666
0.386625	0.0425
0.38045833333333334	0.04041666666666666
0.3760833333333333	0.04708333333333334
0.37083333333333335	0.050833333333333335
0.36566666666666664	0.04541666666666667
0.3626666666666667	0.02
0.3605416666666667	0.041666666666666664
0.35775	0.0525
0.35375	0.06541666666666666
0.3575	0.03291666666666667
0.3777083333333333	0.03375
0.3953333333333333	0.016666666666666666
0.406375	0.04041666666666666
0.39158333333333334	0.0375
0.38008333333333333	0.0525
0.37399999999999994	0.05125
0.37070833333333336	0.049166666666666664
0.389375	0.0525
0.3785833333333333	0.08875
0.36791666666666667	0.0675
0.3626666666666667	0.07041666666666667
0.35870833333333335	0.06
0.35474999999999995	0.05375
0.3505416666666667	0.07708333333333334
0.3440833333333333	0.08291666666666667
0.3392916666666667	0.0725
0.36520833333333336	0.02291666666666667
0.3734166666666667	0.07708333333333334
0.3601666666666667	0.048749999999999995
0.35766666666666663	0.0375
0.36762500000000004	0.055
0.35870833333333335	0.07083333333333333
0.34904166666666664	0.08916666666666667
0.3405416666666667	0.09166666666666667
0.33416666666666667	0.08416666666666667
0.3295	0.09083333333333334
0.32466666666666666	0.09458333333333334
0.3205	0.07041666666666667
0.31620833333333337	0.08750000000000001
0.3105833333333333	0.1125
0.305125	0.09541666666666666
0.3250416666666667	0.06208333333333333
0.3522083333333333	0.07208333333333333
0.3424583333333333	0.10041666666666667
0.335875	0.05416666666666667
0.3505	0.07083333333333333
0.36116666666666664	0.085
0.35712499999999997	0.10083333333333333
0.3672916666666666	0.0625
0.3682916666666667	0.11
0.3501666666666667	0.09250000000000001
0.342125	0.09208333333333334
0.3385416666666667	0.09250000000000001
0.33512500000000006	0.09958333333333334
0.34558333333333335	0.06583333333333334
0.3484583333333333	0.10958333333333332
0.33187500000000003	0.13125
0.32245833333333335	0.12958333333333333
0.319625	0.12416666666666666
0.31145833333333334	0.13749999999999998
0.30591666666666667	0.13999999999999999
0.291375	0.18583333333333332
0.2765	0.2025
0.2939583333333334	0.08625
0.3577916666666667	0.12416666666666666
0.3300416666666667	0.09208333333333334
0.31154166666666666	0.15833333333333333
0.29191666666666666	0.19708333333333336
0.27429166666666666	0.17791666666666664
0.27287500000000003	0.14875000000000002
0.26795833333333335	0.15083333333333335
0.25529166666666664	0.18875
0.244125	0.14875
0.23929166666666668	0.19666666666666666
0.23625	0.11541666666666667
0.24779166666666666	0.17
0.23683333333333334	0.12
0.23749999999999996	0.08583333333333333
0.270625	0.06541666666666666
0.2884583333333333	0.05583333333333334
0.28812499999999996	0.11916666666666666
0.2719166666666667	0.17916666666666667
0.31654166666666667	0.08
0.31845833333333334	0.16333333333333333
0.28979166666666667	0.15916666666666665
0.2894166666666667	0.14208333333333334
0.295	0.18000000000000002
0.26816666666666666	0.18499999999999997
0.24691666666666667	0.21791666666666668
0.230625	0.15208333333333332
0.2909583333333333	0.15708333333333332
0.285	0.0825
0.26858333333333334	0.16833333333333333
0.24987499999999999	0.12583333333333332
0.23725	0.15833333333333333
0.23908333333333334	0.1525
0.256	0.1075
0.26266666666666666	0.10083333333333333
0.257625	0.08875
0.36633333333333334	0.034999999999999996
0.36204166666666665	0.04583333333333334
0.3353333333333333	0.10541666666666666
0.34354166666666663	0.08166666666666667
0.349375	0.15458333333333332
0.32066666666666666	0.13916666666666666
0.2999583333333333	0.19208333333333336
0.2850833333333333	0.15
0.2819583333333333	0.17708333333333334
0.26425000000000004	0.19125
0.2470416666666667	0.20333333333333334
0.2305	0.21583333333333332
0.21262499999999998	0.25333333333333335
0.19708333333333336	0.23708333333333334
0.1845416666666667	0.25083333333333335
0.17370833333333333	0.2520833333333333
0.16491666666666668	0.23416666666666666
0.16387500000000002	0.21833333333333335
0.1605	0.22916666666666666
0.154875	0.21458333333333332
0.153375	0.27666666666666667
0.16170833333333332	0.22583333333333333
0.1735	0.20166666666666666
0.21520833333333333	0.10958333333333332
0.25929166666666664	0.19041666666666668
0.23058333333333333	0.17875
0.21254166666666666	0.16125
0.22479166666666664	0.14666666666666667
0.2598333333333333	0.14583333333333334
0.28470833333333334	0.1675
0.26133333333333336	0.17125
0.252625	0.08208333333333333
0.242	0.16208333333333333
0.224	0.1679166666666667
0.20566666666666666	0.18583333333333332
0.201375	0.15666666666666668
0.2607916666666667	0.18375
0.24204166666666668	0.16541666666666666
0.21912500000000001	0.17666666666666667
0.19920833333333332	0.22208333333333333
0.18037499999999998	0.23666666666666666
0.166	0.2804166666666667
0.15512499999999999	0.28791666666666665
0.1475	0.26833333333333337
0.14304166666666665	0.2854166666666667
0.14045833333333332	0.2708333333333333
0.18208333333333335	0.17791666666666664
0.27658333333333335	0.21
0.23916666666666667	0.21416666666666664
0.21075	0.2175
0.1885	0.23750000000000002
0.174625	0.2141666666666667
0.199125	0.13166666666666668
0.2011666666666667	0.19708333333333336
0.18416666666666667	0.22624999999999998
0.16870833333333335	0.24750000000000003
0.15791666666666668	0.22624999999999998
0.16220833333333332	0.24333333333333332
0.173125	0.23416666666666666
0.16137500000000002	0.22916666666666666
0.15166666666666664	0.29375
0.15920833333333334	0.22458333333333333
0.16279166666666667	0.25333333333333335
0.17354166666666668	0.2091666666666667
0.17229166666666665	0.2608333333333333
0.16541666666666668	0.12208333333333334
0.16429166666666667	0.15458333333333332
0.22329166666666667	0.115
0.2905	0.16208333333333333
0.250875	0.18541666666666667
0.21975	0.2575
0.23216666666666666	0.11458333333333333
0.23420833333333332	0.18666666666666668
0.208125	0.21666666666666667
0.18604166666666666	0.23708333333333334
0.16908333333333334	0.23791666666666667
0.15737500000000001	0.25375
0.14941666666666667	0.3
0.14345833333333333	0.26833333333333337
0.13933333333333334	0.27208333333333334
0.13616666666666669	0.20166666666666666
0.13412500000000002	0.19291666666666665
0.13366666666666668	0.2404166666666667
0.13704166666666667	0.3020833333333333
0.14241666666666666	0.21791666666666665
0.15083333333333332	0.16041666666666668
0.2947916666666667	0.06291666666666666
0.37975000000000003	0.0675
0.3254166666666667	0.09208333333333334
0.3709166666666666	0.03791666666666667
0.3315416666666667	0.11291666666666667
0.3057083333333333	0.13708333333333333
0.287375	0.14541666666666667
0.26675	0.22083333333333333
0.25225000000000003	0.10791666666666666
0.24175	0.18541666666666667
0.2225	0.20291666666666666
0.2061666666666667	0.17625000000000002
0.192375	0.19458333333333333
0.17875	0.24875
0.16683333333333336	0.2529166666666667
0.15808333333333333	0.21458333333333335
0.162	0.14625000000000002
0.20045833333333332	0.1075
0.24195833333333336	0.12583333333333332
0.3240416666666667	0.052083333333333336
0.3257083333333333	0.16708333333333333
0.28933333333333333	0.14625000000000002
0.2725	0.11833333333333333
0.2604166666666667	0.09749999999999999
0.3285416666666667	0.11083333333333334
0.2996666666666667	0.09583333333333333
0.278875	0.13583333333333333
0.25725000000000003	0.165
0.24658333333333335	0.1275
0.24416666666666664	0.10166666666666667
0.23104166666666667	0.15375
0.2155	0.20125
0.20062500000000003	0.13208333333333333
0.19370833333333334	0.10916666666666668
0.252375	0.12291666666666667
0.240375	0.09625
0.22879166666666664	0.15041666666666667
0.21608333333333332	0.09875
0.20854166666666665	0.10875
0.2137083333333333	0.08083333333333334
0.32516666666666666	0.065
0.297125	0.12333333333333334
0.27045833333333336	0.13416666666666668
0.25329166666666664	0.10166666666666667
0.24291666666666667	0.08333333333333333
0.23375	0.10083333333333333
0.22358333333333333	0.12083333333333333
0.21466666666666667	0.11083333333333334
0.21058333333333334	0.075
0.30145833333333333	0.06375
0.2861666666666666	0.06
0.3004583333333333	0.016666666666666666
0.3287083333333333	0.017083333333333336
0.35079166666666667	0.034583333333333334
0.3222916666666667	0.03416666666666667
0.345	0.05458333333333334
0.31975000000000003	0.06999999999999999
0.31104166666666666	0.024583333333333332
0.3875	0.012499999999999999
0.4177916666666666	0.015
0.41566666666666663	0.02125
0.3910833333333334	0.050833333333333335
0.3765	0.023333333333333334
0.40370833333333334	0.019583333333333335
0.41283333333333333	0.048749999999999995
0.393	0.03666666666666667
0.3797083333333333	0.04750000000000001
0.36904166666666666	0.04666666666666667
0.3597916666666667	0.04833333333333333
0.3515	0.050416666666666665
0.34450000000000003	0.051666666666666666
0.33720833333333333	0.057916666666666665
0.33287500000000003	0.03291666666666667
0.34170833333333334	0.02291666666666667
0.3375416666666667	0.03208333333333333
0.330625	0.050416666666666665
0.32279166666666664	0.08583333333333333
0.3149166666666667	0.05583333333333334
0.3110833333333333	0.043750000000000004
0.30779166666666663	0.04083333333333333
0.30491666666666667	0.043750000000000004
0.30275	0.04125
0.30141666666666667	0.03958333333333334
0.2992916666666667	0.05375
0.29666666666666663	0.058750000000000004
0.291	0.13
0.283375	0.08041666666666666
0.28075	0.04958333333333333
0.2793333333333334	0.037083333333333336
0.27675	0.08625
0.31083333333333335	0.051666666666666666
0.3337916666666667	0.08083333333333333
0.32545833333333335	0.051666666666666666
0.325125	0.09250000000000001
0.3119166666666667	0.08583333333333333
0.34941666666666665	0.037083333333333336
0.3852083333333334	0.020833333333333332
0.35666666666666663	0.03666666666666667
0.3445833333333333	0.037083333333333336
0.33737500000000004	0.025416666666666667
0.33295833333333336	0.018333333333333333
0.3317083333333333	0.01916666666666667
0.33316666666666667	0.020833333333333332
0.33058333333333334	0.035833333333333335
0.32825	0.05541666666666667
0.32916666666666666	0.0825
0.3410416666666667	0.05458333333333334
0.39079166666666665	0.019583333333333335
0.363	0.02291666666666667
0.353	0.020833333333333332
0.34662499999999996	0.023333333333333334
0.3426666666666667	0.012083333333333333
0.33945833333333336	0.02125
0.33712500000000006	0.008333333333333333
0.33945833333333336	0.011666666666666667
0.36366666666666664	0.02
0.34920833333333334	0.020416666666666666
0.34287500000000004	0.04666666666666667
0.3382083333333334	0.03958333333333334
0.3342083333333334	0.014166666666666668
0.331625	0.010833333333333334
0.32958333333333334	0.01
0.3307083333333333	0.009583333333333334
0.3325416666666667	0.017916666666666668
0.33195833333333336	0.015833333333333335
0.33	0.011250000000000001
0.32908333333333334	0.013333333333333334
0.32858333333333334	0.024999999999999998
0.3265416666666667	0.029583333333333333
0.323375	0.017916666666666668
0.321375	0.022083333333333333
0.31945833333333334	0.023749999999999997
0.31758333333333333	0.020833333333333332
0.31604166666666667	0.02125
0.31579166666666664	0.006666666666666667
0.32025	0.02291666666666667
0.31804166666666667	0.02916666666666667
0.3155833333333333	0.010416666666666666
0.31466666666666665	0.012916666666666667
0.31320833333333337	0.02666666666666667
0.31204166666666666	0.022500000000000003
0.31175	0.01625
0.311	0.010833333333333334
0.3114166666666667	0.015416666666666667
0.3156666666666667	0.025416666666666667
0.32325	0.011666666666666665
0.3619583333333333	0.014166666666666668
0.360875	0.012083333333333333
0.36483333333333334	0.051666666666666666
0.35012499999999996	0.05125
0.34149999999999997	0.03875
0.33537500000000003	0.03625
0.33208333333333334	0.03166666666666667
0.32916666666666666	0.02875
0.326875	0.02625
0.32579166666666665	0.016666666666666666
0.32483333333333336	0.03125
0.323625	0.03208333333333333
0.32275000000000004	0.02125
0.32208333333333333	0.009166666666666667
0.35741666666666666	0.022500000000000003
0.39620833333333333	0.012083333333333333
0.38929166666666665	0.03333333333333333
0.37329166666666663	0.03958333333333333
0.36541666666666667	0.049166666666666664
0.38758333333333334	0.029166666666666664
0.3761666666666667	0.030000000000000002
0.372875	0.04
0.4180833333333333	0.024999999999999998
0.39525000000000005	0.04416666666666667
0.39795833333333336	0.029166666666666664
0.3958333333333333	0.052083333333333336
0.39620833333333333	0.03375
0.38599999999999995	0.042083333333333334
0.3786666666666667	0.051666666666666666
0.37925000000000003	0.03625
0.37304166666666666	0.0625
0.4045	0.04
0.38845833333333335	0.065
0.37637499999999996	0.0375
0.3702083333333333	0.03208333333333333
0.370125	0.04416666666666667
0.39562500000000006	0.02791666666666667
0.37958333333333333	0.044583333333333336
0.38599999999999995	0.015833333333333335
0.4094166666666667	0.016666666666666666
0.42812500000000003	0.02125
0.4033333333333333	0.06083333333333333
0.41891666666666666	0.049166666666666664
0.39366666666666666	0.12125000000000001
0.38525000000000004	0.0775
0.3917916666666667	0.0575
0.3794583333333333	0.046250000000000006
0.3717916666666667	0.051666666666666666
0.3658333333333333	0.05958333333333334
0.36325	0.049999999999999996
0.38766666666666666	0.017916666666666668
0.3921666666666667	0.045000000000000005
0.3830833333333334	0.04958333333333333
0.396375	0.03416666666666667
0.39599999999999996	0.04958333333333334
0.37920833333333337	0.08666666666666667
0.3906666666666667	0.07375
0.38995833333333335	0.0375
0.40158333333333335	0.03625
0.3852083333333334	0.04416666666666667
0.3757916666666667	0.06916666666666667
0.3737083333333333	0.04583333333333334
0.37329166666666663	0.050416666666666665
0.3740833333333333	0.051666666666666666
0.3666666666666667	0.07791666666666668
0.3784166666666667	0.048749999999999995
0.39200000000000007	0.0425
0.3867083333333334	0.07833333333333334
0.37879166666666664	0.10041666666666667
0.370625	0.042916666666666665
0.3641666666666667	0.07583333333333334
0.35666666666666663	0.07708333333333334
0.35175	0.08708333333333333
0.35062499999999996	0.07958333333333333
0.348875	0.08041666666666666
0.34575	0.07583333333333334
0.369	0.05125
0.3544583333333333	0.11083333333333334
0.340875	0.09708333333333334
0.3390416666666667	0.11041666666666666
0.33758333333333335	0.09375
0.3275416666666667	0.13625
0.31879166666666664	0.08125
0.31279166666666663	0.10833333333333334
0.30320833333333336	0.15583333333333332
0.29483333333333334	0.1275
0.28862499999999996	0.13625
0.2821666666666667	0.11666666666666665
0.2916666666666667	0.06958333333333333
0.342875	0.04791666666666667
0.39620833333333333	0.03291666666666667
0.3705	0.06541666666666666
0.3581666666666667	0.05583333333333334
0.3509166666666666	0.08333333333333333
0.34883333333333333	0.12791666666666665
0.3946666666666667	0.09208333333333334
0.3685833333333333	0.10666666666666667
0.35624999999999996	0.12625
0.3456666666666666	0.13333333333333333
0.3682916666666667	0.06416666666666666
0.36320833333333336	0.12541666666666668
0.34191666666666665	0.14458333333333334
0.32616666666666666	0.14708333333333332
0.3135	0.1525
0.30666666666666664	0.09125
0.34912499999999996	0.11375
0.33345833333333336	0.11708333333333333
0.32408333333333333	0.13791666666666666
0.35533333333333333	0.05583333333333334
0.34708333333333335	0.09791666666666667
0.32833333333333337	0.13833333333333334
0.311	0.16874999999999998
0.3084166666666667	0.08541666666666668
0.31808333333333333	0.13749999999999998
0.3469166666666667	0.12583333333333332
0.3913333333333333	0.045000000000000005
0.3660833333333333	0.09958333333333334
0.3432916666666667	0.16166666666666665
0.32595833333333335	0.15875
0.31054166666666666	0.15958333333333333
0.29866666666666664	0.16083333333333333
0.29054166666666664	0.12875
0.287875	0.09833333333333333
0.3498333333333334	0.045000000000000005
0.4086666666666667	0.05541666666666667
0.4018333333333333	0.13083333333333333
0.378875	0.1525
0.365	0.1425
0.3592916666666666	0.13833333333333334
0.347625	0.13999999999999999
0.3332083333333334	0.13625
0.33687500000000004	0.14375000000000002
0.32708333333333334	0.20333333333333334
0.3042916666666667	0.22958333333333333
0.282125	0.22791666666666666
0.35850000000000004	0.07708333333333334
0.35170833333333335	0.11958333333333333
0.32595833333333335	0.155
0.30791666666666667	0.19000000000000003
0.2907916666666666	0.18500000000000003
0.27591666666666664	0.2041666666666667
0.2594166666666667	0.17333333333333334
0.3063333333333333	0.14791666666666667
0.3392916666666667	0.15583333333333335
0.33275000000000005	0.15875
0.323125	0.16374999999999998
0.309125	0.16916666666666666
0.34520833333333334	0.15541666666666668
0.32354166666666667	0.19208333333333336
0.29158333333333336	0.21375
0.2667083333333334	0.21416666666666664
0.25029166666666663	0.17125
0.29441666666666666	0.17416666666666666
0.28329166666666666	0.13125
0.2871666666666666	0.12375000000000001
0.29704166666666665	0.1575
0.2738333333333333	0.17833333333333334
0.34070833333333334	0.08916666666666667
0.33425	0.20583333333333334
0.2999583333333333	0.1725
0.2763333333333333	0.19083333333333333
0.25908333333333333	0.17041666666666666
0.316375	0.07333333333333333
0.31616666666666665	0.17833333333333334
0.2860416666666667	0.18000000000000002
0.2605	0.24208333333333332
0.23545833333333333	0.24875
0.21629166666666666	0.26375
0.22741666666666668	0.1625
0.229625	0.1025
0.22054166666666666	0.19833333333333333
0.20375	0.215
0.1914583333333333	0.20666666666666667
0.18825	0.20041666666666666
0.18475	0.2383333333333333
0.3384583333333333	0.11208333333333333
0.29820833333333335	0.16583333333333333
0.2662083333333333	0.205
0.23820833333333333	0.24291666666666667
0.21475	0.18583333333333332
0.19799999999999998	0.22041666666666668
0.18299999999999997	0.22583333333333333
0.1718333333333333	0.25125000000000003
0.16133333333333333	0.2804166666666667
0.19445833333333332	0.14166666666666666
0.3070833333333333	0.10916666666666668
0.35050000000000003	0.13583333333333333
0.3129166666666667	0.165
0.29312499999999997	0.1125
0.299375	0.16291666666666668
0.28254166666666664	0.19041666666666668
0.26029166666666664	0.1758333333333333
0.24020833333333333	0.18000000000000002
0.22158333333333333	0.19875
0.28841666666666665	0.16666666666666666
0.325375	0.16041666666666668
0.35191666666666666	0.1691666666666667
0.3125	0.1925
0.277875	0.2058333333333333
0.25475	0.17916666666666667
0.29404166666666665	0.15666666666666668
0.26775	0.20833333333333334
0.24508333333333332	0.18291666666666664
0.238125	0.19791666666666666
0.33316666666666667	0.17333333333333334
0.2859583333333333	0.1825
0.25629166666666664	0.16833333333333333
0.23383333333333334	0.21333333333333335
0.21662499999999998	0.16041666666666668
0.21554166666666666	0.16708333333333333
0.2021666666666667	0.18833333333333335
0.18833333333333332	0.215
0.19674999999999998	0.15958333333333333
0.31825	0.03916666666666667
0.32945833333333335	0.15291666666666667
0.28970833333333335	0.11958333333333333
0.27216666666666667	0.10666666666666667
0.25654166666666667	0.1708333333333333
0.23616666666666666	0.15666666666666665
0.22195833333333334	0.1525
0.22083333333333333	0.16291666666666668
0.2117083333333333	0.1525
0.20929166666666665	0.12458333333333334
0.19866666666666669	0.1725
0.24733333333333332	0.07083333333333333
0.28579166666666667	0.13958333333333334
0.25933333333333336	0.16833333333333333
0.23758333333333334	0.14916666666666667
0.219625	0.18166666666666667
0.20183333333333334	0.21958333333333335
0.18625	0.21958333333333332
0.17370833333333333	0.21041666666666667
0.17045833333333335	0.13375
0.1735	0.15416666666666667
0.166125	0.18125
0.15916666666666668	0.17166666666666666
0.15479166666666666	0.1475
0.15220833333333333	0.15541666666666668
0.14866666666666664	0.19083333333333333
0.23745833333333333	0.125
0.3465833333333333	0.04833333333333333
0.32383333333333336	0.10666666666666667
0.28641666666666665	0.15
0.26029166666666664	0.14208333333333334
0.240625	0.14958333333333332
0.22483333333333333	0.14875
0.21116666666666664	0.15541666666666668
0.19804166666666667	0.15041666666666667
0.1875416666666667	0.13875
0.17933333333333334	0.17666666666666667
0.171625	0.13625
0.19487500000000002	0.07333333333333333
0.2105	0.08375
0.20641666666666666	0.10458333333333335
0.2005	0.14958333333333332
0.19391666666666665	0.09500000000000001
0.19387500000000002	0.10541666666666667
0.18641666666666667	0.09958333333333334
0.17958333333333332	0.11125
0.17375	0.11416666666666668
0.16895833333333335	0.09291666666666666
0.16541666666666668	0.09208333333333334
0.16175	0.12375000000000001
0.15804166666666666	0.14375000000000002
0.15470833333333334	0.12958333333333333
0.15208333333333332	0.11791666666666667
0.160125	0.047499999999999994
0.222	0.08333333333333333
0.3085833333333333	0.04791666666666667
0.3299166666666667	0.09708333333333334
0.35800000000000004	0.035
0.3449583333333333	0.05625
0.3134166666666667	0.04958333333333334
0.29891666666666666	0.05708333333333334
0.29904166666666665	0.050833333333333335
0.363375	0.03666666666666667
0.34745833333333337	0.03416666666666667
0.32887500000000003	0.04750000000000001
0.3136666666666667	0.08791666666666666
0.2995833333333333	0.0825
0.29433333333333334	0.06083333333333333
0.29112499999999997	0.022083333333333333
0.33791666666666664	0.018333333333333333
0.36400000000000005	0.0325
0.41608333333333336	0.01875
0.3826666666666667	0.03625
0.36637499999999995	0.05625
0.3549166666666666	0.042083333333333334
0.34679166666666666	0.04708333333333334
0.3415416666666667	0.04416666666666667
0.35945833333333327	0.03666666666666667
0.3450416666666667	0.03791666666666667
0.336125	0.049999999999999996
0.3496666666666666	0.050416666666666665
0.3394166666666667	0.06583333333333334
0.32879166666666665	0.04708333333333334
0.32125	0.04791666666666666
0.32716666666666666	0.03791666666666667
0.33558333333333334	0.05416666666666667
0.3253333333333333	0.03625
0.31833333333333336	0.030416666666666665
0.34879166666666667	0.01375
0.36175	0.03166666666666667
0.34512499999999996	0.019583333333333335
0.339375	0.03333333333333333
0.3358333333333334	0.037083333333333336
0.3352916666666667	0.015
0.3785	0.0275
0.35666666666666663	0.04791666666666666
0.3445416666666667	0.021666666666666667
0.3389583333333333	0.02625
0.38008333333333333	0.009166666666666667
0.3920416666666667	0.017916666666666668
0.371	0.023333333333333334
0.3797083333333333	0.019583333333333335
0.380875	0.03625
0.363875	0.042083333333333334
0.3542083333333333	0.044583333333333336
0.3480833333333333	0.019583333333333335
0.34741666666666665	0.011250000000000001
0.363	0.009166666666666667
0.366625	0.01625
0.3529166666666666	0.03916666666666667
0.34591666666666665	0.04958333333333333
0.339625	0.03416666666666667
0.33429166666666665	0.04041666666666666
0.332	0.06041666666666667
0.34437500000000004	0.048749999999999995
0.3446666666666667	0.02
0.3368333333333333	0.01625
0.3324166666666667	0.018333333333333333
0.32916666666666666	0.022500000000000003
0.32658333333333334	0.014583333333333335
0.32445833333333335	0.018333333333333333
0.3217083333333333	0.06375
0.31854166666666667	0.05458333333333334
0.3142916666666667	0.05541666666666667
0.33641666666666664	0.028333333333333335
0.350125	0.015000000000000001
0.3423333333333334	0.009166666666666667
0.34674999999999995	0.012499999999999999
0.33720833333333333	0.016666666666666666
0.3316666666666667	0.012499999999999999
0.3363333333333334	0.010833333333333334
0.35775	0.00875
0.3441666666666667	0.012499999999999999
0.337	0.01375
0.33266666666666667	0.012916666666666667
0.330625	0.011250000000000001
0.3310416666666667	0.0175
0.34508333333333335	0.030833333333333334
0.3444583333333333	0.04541666666666667
0.33625	0.05958333333333333
0.369	0.03666666666666667
0.35633333333333334	0.023749999999999997
0.3456666666666666	0.01958333333333333
0.3403333333333334	0.022500000000000003
0.32433333333333336	0.01875
0.31875000000000003	0.030833333333333334
0.316125	0.0425
0.3133333333333333	0.065
0.31066666666666665	0.03958333333333333
0.3096666666666667	0.044583333333333336
0.3100833333333333	0.030833333333333334
0.31	0.018333333333333333
0.30875	0.01625
0.30675	0.015416666666666667
0.3045833333333333	0.02291666666666667
0.310125	0.0325
0.3315416666666667	0.03625
0.33125	0.03666666666666667
0.32275000000000004	0.03625
0.316625	0.027083333333333334
0.312125	0.02791666666666667
0.30845833333333333	0.028333333333333335
0.307	0.023333333333333334
0.3060833333333333	0.018333333333333333
0.30575	0.0175
0.305	0.030416666666666665
0.30445833333333333	0.020416666666666666
0.30483333333333335	0.01916666666666667
0.3055833333333333	0.0275
0.30424999999999996	0.03291666666666667
0.30295833333333333	0.03166666666666667
0.30424999999999996	0.01625
0.30641666666666667	0.017499999999999998
0.30591666666666667	0.01916666666666667
0.30816666666666664	0.01375
0.3137083333333333	0.015
0.31616666666666665	0.015833333333333335
0.3232916666666667	0.017499999999999998
0.34650000000000003	0.029583333333333333
0.36445833333333333	0.052083333333333336
0.38695833333333335	0.009166666666666667
0.3724166666666667	0.0325
0.35483333333333333	0.03375
0.3469166666666666	0.03208333333333333
0.34149999999999997	0.03833333333333334
0.33679166666666666	0.037083333333333336
0.33195833333333336	0.0325
0.3274166666666667	0.03916666666666666
0.32375000000000004	0.04
0.32145833333333335	0.049166666666666664
0.32045833333333335	0.04708333333333334
0.3262083333333334	0.022500000000000003
0.34600000000000003	0.02791666666666667
0.33879166666666666	0.035416666666666666
0.3292083333333334	0.04708333333333334
0.3501666666666667	0.04791666666666666
0.35229166666666667	0.07291666666666667
0.3369166666666667	0.10125
0.323875	0.13166666666666668
0.31625	0.07041666666666667
0.3104166666666667	0.05541666666666667
0.3055833333333333	0.06708333333333334
0.30066666666666664	0.06833333333333334
0.299875	0.09041666666666666
0.29904166666666665	0.07333333333333333
0.29275	0.11166666666666668
0.2839583333333333	0.1275
0.2788333333333333	0.075
0.2823333333333333	0.07791666666666668
0.27620833333333333	0.06875
0.28279166666666666	0.07375
0.31254166666666666	0.06541666666666666
0.33945833333333336	0.052083333333333336
0.3219166666666667	0.08125
0.3099166666666667	0.05958333333333333
0.29883333333333334	0.075
0.2873333333333333	0.08916666666666667
0.27887500000000004	0.06666666666666667
0.271125	0.10625000000000001
0.25829166666666664	0.11291666666666667
0.2989583333333333	0.050416666666666665
0.37870833333333337	0.03416666666666667
0.34175	0.09625
0.32204166666666667	0.09875
0.316625	0.035416666666666666
0.31224999999999997	0.08916666666666667
0.30145833333333333	0.06833333333333334
0.2913333333333333	0.09999999999999999
0.27658333333333335	0.10875
0.2622083333333333	0.10541666666666667
0.249375	0.12666666666666668
0.23904166666666668	0.17833333333333334
0.22691666666666666	0.1175
0.21258333333333335	0.15625
0.19691666666666666	0.18791666666666665
0.17941666666666667	0.16625
0.17220833333333332	0.14416666666666667
0.16837500000000002	0.13583333333333333
0.17458333333333334	0.09083333333333334
0.17425	0.13
0.2243333333333333	0.065
0.2934583333333333	0.09708333333333334
0.27225000000000005	0.11416666666666668
0.252125	0.14875
0.23483333333333334	0.13708333333333333
0.2247916666666667	0.11208333333333333
0.22720833333333335	0.08708333333333333
0.23375	0.10916666666666668
0.22670833333333332	0.12833333333333333
0.244375	0.11958333333333333
0.25354166666666667	0.09916666666666667
0.2975	0.08791666666666666
0.2965833333333333	0.04958333333333333
0.31079166666666663	0.09833333333333333
0.2891666666666666	0.13291666666666666
0.2727916666666667	0.14
0.278125	0.1325
0.25766666666666665	0.15041666666666667
0.23745833333333333	0.14458333333333334
0.2227083333333333	0.07875
0.27399999999999997	0.030833333333333334
0.34154166666666663	0.034999999999999996
0.319125	0.12291666666666667
0.2864583333333333	0.14083333333333334
0.262375	0.15458333333333332
0.2535833333333333	0.1225
0.2627083333333333	0.08333333333333333
0.23900000000000002	0.11125
0.22945833333333335	0.12458333333333334
0.21941666666666668	0.15708333333333332
0.20533333333333334	0.11750000000000001
0.20833333333333334	0.1475
0.25345833333333334	0.07541666666666667
0.26445833333333335	0.13999999999999999
0.240125	0.18500000000000003
0.22345833333333334	0.16041666666666668
0.22741666666666668	0.16125
0.21037499999999998	0.17
0.21333333333333335	0.1325
0.2000833333333333	0.1775
0.17912499999999998	0.17500000000000002
0.16745833333333335	0.2816666666666667
0.15566666666666665	0.30041666666666667
0.14975	0.1625
0.249375	0.13208333333333333
0.24304166666666668	0.17
0.229	0.165
0.236375	0.14541666666666667
0.22083333333333333	0.13041666666666665
0.206125	0.17208333333333334
0.18329166666666666	0.21916666666666665
0.16504166666666667	0.24666666666666667
0.15745833333333334	0.23916666666666667
0.15270833333333333	0.22208333333333333
0.167	0.19666666666666666
0.15758333333333333	0.21541666666666667
0.153875	0.20750000000000002
0.15058333333333332	0.20666666666666667
0.16016666666666665	0.18875
0.180875	0.18458333333333332
0.17254166666666668	0.23666666666666666
0.19204166666666667	0.17875
0.18104166666666666	0.21833333333333335
0.16508333333333333	0.26708333333333334
0.1645	0.21125000000000002
0.15937500000000002	0.22791666666666666
0.15658333333333332	0.24
0.15	0.28791666666666665
0.1425	0.25875
0.14083333333333334	0.24208333333333332
0.164875	0.21166666666666667
0.18425	0.20125
0.17741666666666667	0.20333333333333334
0.16258333333333333	0.24125
0.14695833333333333	0.2608333333333333
0.14533333333333331	0.2554166666666667
0.143625	0.23958333333333334
0.149875	0.2708333333333333
0.15679166666666666	0.28250000000000003
0.18583333333333332	0.18083333333333332
0.16270833333333332	0.24291666666666667
0.15362499999999998	0.22583333333333333
0.15445833333333334	0.29458333333333336
0.15195833333333333	0.2558333333333333
0.15658333333333332	0.23
0.15358333333333332	0.26208333333333333
0.17049999999999998	0.13791666666666666
0.18991666666666665	0.19208333333333336
0.17870833333333333	0.22708333333333333
0.16041666666666668	0.23166666666666666
0.171	0.23124999999999998
0.1695	0.22916666666666666
0.16966666666666666	0.26833333333333337
0.18425	0.1775
0.24508333333333332	0.19999999999999998
0.2763333333333333	0.23208333333333334
0.27566666666666667	0.21333333333333335
0.23875000000000002	0.23666666666666666
0.20825000000000002	0.15083333333333335
0.19875	0.15041666666666667
0.193375	0.20625000000000002
0.177125	0.19874999999999998
0.16774999999999998	0.25
0.15758333333333333	0.2275
0.15395833333333334	0.22458333333333333
0.252	0.2304166666666667
0.25525000000000003	0.18125
0.24170833333333333	0.17541666666666667
0.2919583333333333	0.08916666666666667
0.34954166666666664	0.20375
0.3185	0.11916666666666666
0.38325000000000004	0.09125
0.34870833333333334	0.22166666666666668
0.31104166666666666	0.2091666666666667
0.27466666666666667	0.22083333333333333
0.2528333333333333	0.23458333333333334
0.22104166666666666	0.32
0.19095833333333334	0.22124999999999997
0.17775	0.24166666666666667
0.16725	0.22041666666666668
0.15808333333333333	0.1825
0.206875	0.12041666666666667
0.26025000000000004	0.17500000000000002
0.237	0.15625
0.2187083333333333	0.21333333333333335
0.1955416666666667	0.18958333333333333
0.216875	0.14791666666666667
0.21366666666666667	0.19874999999999998
0.20204166666666667	0.17625000000000002
0.18979166666666666	0.17375
0.17245833333333335	0.24083333333333334
0.1665	0.20541666666666666
0.18508333333333335	0.18958333333333333
0.17095833333333332	0.23958333333333334
0.19575	0.08583333333333333
0.225375	0.1525
0.200875	0.17166666666666666
0.19195833333333334	0.15833333333333335
0.18158333333333332	0.17791666666666664
0.16533333333333333	0.18291666666666664
0.14654166666666665	0.21583333333333332
0.13604166666666667	0.18208333333333335
0.14429166666666668	0.20458333333333334
0.16379166666666667	0.16666666666666666
0.16045833333333334	0.18375
0.156625	0.24166666666666667
0.15458333333333332	0.21125000000000002
0.19387500000000002	0.08750000000000001
0.226625	0.10791666666666666
0.28675	0.07833333333333334
0.29462499999999997	0.15208333333333332
0.2608333333333333	0.18041666666666667
0.241125	0.12125000000000001
0.23229166666666667	0.1708333333333333
0.21562499999999998	0.1758333333333333
0.2015	0.16833333333333333
0.19041666666666668	0.08875
0.21445833333333333	0.049166666666666664
0.2629166666666667	0.08458333333333334
0.252	0.16375
0.232375	0.16458333333333333
0.21695833333333334	0.14666666666666667
0.256375	0.06
0.32479166666666665	0.035833333333333335
0.334	0.09791666666666667
0.348875	0.03791666666666667
0.41008333333333336	0.05375
0.36962500000000004	0.09708333333333334
0.34920833333333334	0.0775
0.33912500000000007	0.06791666666666667
0.347	0.05958333333333333
0.34325	0.07541666666666667
0.3662083333333333	0.08333333333333333
0.3401666666666667	0.07833333333333332
0.31954166666666667	0.115
0.303875	0.10458333333333332
0.29075	0.1366666666666667
0.2773333333333333	0.13166666666666668
0.2677916666666667	0.12541666666666668
0.33241666666666664	0.04
0.35158333333333336	0.09833333333333333
0.32375000000000004	0.15458333333333332
0.33520833333333333	0.09833333333333333
0.3179166666666667	0.08875
0.30804166666666666	0.07708333333333334
0.3236666666666667	0.0775
0.30833333333333335	0.08375
0.29816666666666664	0.09000000000000001
0.28462499999999996	0.11291666666666667
0.2728333333333333	0.11041666666666666
0.26395833333333335	0.08750000000000001
0.25783333333333336	0.07916666666666666
0.250375	0.06375
0.245375	0.05666666666666667
0.243125	0.059166666666666666
0.24258333333333335	0.04666666666666667
0.2449583333333333	0.0325
0.25558333333333333	0.020833333333333332
0.28408333333333335	0.03416666666666667
0.32795833333333335	0.0375
0.328625	0.06666666666666667
0.30879166666666663	0.048749999999999995
0.297	0.06833333333333333
0.32837500000000003	0.050833333333333335
0.3382083333333334	0.08208333333333333
0.3539583333333333	0.10666666666666667
0.3444583333333333	0.09083333333333334
0.3274166666666667	0.05541666666666667
0.31704166666666667	0.06083333333333333
0.309	0.0525
0.30795833333333333	0.04416666666666667
0.3012916666666667	0.05458333333333334
0.2954583333333333	0.05458333333333334
0.2955833333333333	0.0275
0.29620833333333335	0.0375
0.31	0.014166666666666666
0.3264166666666667	0.037083333333333336
0.313375	0.05666666666666667
0.3105	0.06541666666666666
0.3479583333333333	0.017499999999999998
0.3621666666666667	0.049999999999999996
0.336625	0.047499999999999994
0.32316666666666666	0.03833333333333334
0.31625	0.01958333333333333
0.3129166666666667	0.04041666666666666
0.31045833333333334	0.03833333333333334
0.30983333333333335	0.04541666666666667
0.3160833333333333	0.059166666666666666
0.3619583333333333	0.02625
0.35325	0.06625
0.33512500000000006	0.01875
0.3269166666666667	0.016666666666666666
0.3212083333333334	0.030416666666666665
0.340625	0.03666666666666667
0.3320416666666667	0.0425
0.32483333333333336	0.02791666666666667
0.35158333333333336	0.01
0.3762083333333333	0.012083333333333333
0.36241666666666666	0.018333333333333333
0.3484583333333333	0.01375
0.340125	0.030833333333333334
0.3389583333333333	0.03875
0.3605416666666667	0.0275
0.35904166666666665	0.05416666666666667
0.3422083333333334	0.0275
0.3414166666666667	0.013333333333333334
0.344125	0.041666666666666664
0.333625	0.051666666666666666
0.32795833333333335	0.05125
0.32558333333333334	0.05291666666666667
0.3252083333333334	0.02875
0.3348333333333333	0.03166666666666667
0.34991666666666665	0.02
0.33837500000000004	0.0275
0.33370833333333333	0.025833333333333333
0.3289166666666667	0.017916666666666668
0.3247083333333333	0.028749999999999998
0.322625	0.015416666666666667
0.3475	0.018333333333333333
0.3741666666666667	0.025833333333333333
0.3525833333333333	0.050416666666666665
0.34087500000000004	0.07041666666666667
0.3332916666666667	0.0375
0.3309166666666667	0.01
0.32795833333333335	0.03291666666666667
0.36200000000000004	0.02916666666666667
0.37404166666666666	0.03833333333333334
0.356875	0.019583333333333335
0.3779166666666667	0.045000000000000005
0.35604166666666665	0.02791666666666667
0.34604166666666664	0.046250000000000006
0.35083333333333333	0.03916666666666667
0.3537083333333333	0.06
0.3980416666666667	0.027083333333333334
0.37041666666666667	0.01375
0.36345833333333327	0.014583333333333335
0.36354166666666665	0.008749999999999999
0.36541666666666667	0.009583333333333334
0.4093333333333333	0.006666666666666667
0.392125	0.01375
0.38058333333333333	0.015416666666666667
0.373875	0.009166666666666667
0.3714166666666667	0.012083333333333333
0.36270833333333335	0.022083333333333333
0.36083333333333334	0.020833333333333332
0.36645833333333333	0.0425
0.3615833333333333	0.055
0.3829166666666666	0.03833333333333334
0.3725833333333333	0.02875
0.36433333333333334	0.02125
0.35791666666666666	0.022500000000000003
0.3582083333333333	0.017083333333333332
0.35704166666666665	0.01
0.351875	0.02416666666666667
0.3468333333333333	0.020416666666666666
0.344125	0.01916666666666667
0.34045833333333336	0.04750000000000001
0.3337916666666667	0.10208333333333335
0.326875	0.06916666666666667
0.32466666666666666	0.03
0.330875	0.017916666666666668
0.36083333333333334	0.024583333333333332
0.3504583333333333	0.030416666666666665
0.34375	0.035416666666666666
0.33808333333333335	0.02875
0.33679166666666666	0.02666666666666667
0.33295833333333336	0.011666666666666665
0.33608333333333335	0.01875
0.337	0.03291666666666667
0.33258333333333334	0.024583333333333332
0.33037500000000003	0.03166666666666667
0.33370833333333333	0.023333333333333334
0.34479166666666666	0.03208333333333333
0.3372916666666667	0.03166666666666667
0.33270833333333333	0.043750000000000004
0.3515	0.02125
0.35483333333333333	0.015416666666666667
0.35200000000000004	0.03125
0.34804166666666664	0.037083333333333336
0.34079166666666666	0.025833333333333333
0.33949999999999997	0.02875
0.33629166666666666	0.03125
0.3342083333333334	0.03
0.331625	0.043333333333333335
0.32908333333333334	0.0425
0.32808333333333334	0.04583333333333334
0.328	0.042083333333333334
0.328	0.045000000000000005
0.328	0.03166666666666667
0.32725	0.023333333333333334
0.3276666666666667	0.04541666666666667
0.3272916666666667	0.05458333333333334
0.326125	0.02416666666666667
0.3256666666666667	0.023333333333333334
0.3285	0.06208333333333333
0.3412916666666667	0.07291666666666667
0.33295833333333336	0.05875
0.3270416666666667	0.06916666666666667
0.31816666666666665	0.08791666666666668
0.32658333333333334	0.06749999999999999
0.35141666666666665	0.10958333333333332
0.33608333333333335	0.06958333333333334
0.32808333333333334	0.0325
0.35775	0.0325
0.3609583333333333	0.025833333333333333
0.3485416666666667	0.04833333333333333
0.3399166666666667	0.05416666666666667
0.33479166666666665	0.05541666666666667
0.3305416666666667	0.07291666666666667
0.3272083333333334	0.08416666666666667
0.32279166666666664	0.050416666666666665
0.32075000000000004	0.07958333333333333
0.313125	0.07583333333333334
0.30745833333333333	0.07125
0.3004583333333333	0.07541666666666667
0.2985	0.0675
0.30704166666666666	0.06666666666666667
0.313375	0.075
0.30883333333333335	0.08750000000000001
0.3689166666666666	0.09625
0.33445833333333336	0.11041666666666666
0.3129166666666667	0.12208333333333334
0.29612499999999997	0.12083333333333333
0.28529166666666667	0.10833333333333334
0.28462499999999996	0.10791666666666666
0.2751666666666667	0.11625
0.28475	0.14041666666666666
0.2820833333333333	0.20791666666666667
0.25733333333333336	0.13208333333333333
0.24204166666666668	0.16041666666666668
0.22512500000000002	0.15666666666666668
0.21266666666666667	0.17333333333333334
0.1965	0.16375
0.191125	0.1475
0.21920833333333334	0.09250000000000001
0.21329166666666666	0.14375000000000002
0.20062500000000003	0.16458333333333333
0.18266666666666667	0.18458333333333332
0.166	0.19041666666666668
0.1515	0.19375
0.14175000000000001	0.1825
0.14008333333333334	0.18833333333333332
0.14116666666666666	0.1708333333333333
0.13999999999999999	0.1925
0.23520833333333332	0.08083333333333333
0.2940416666666667	0.17375
0.2535	0.18083333333333332
0.22308333333333333	0.24208333333333334
0.19595833333333335	0.2608333333333333
0.18208333333333335	0.20541666666666666
0.17412499999999997	0.1729166666666667
0.171125	0.17875
0.16583333333333336	0.18000000000000002
0.16733333333333333	0.17625
0.16383333333333336	0.24791666666666667
0.15766666666666665	0.2370833333333333
0.15395833333333334	0.18041666666666667
0.15616666666666668	0.14333333333333334
0.15004166666666666	0.15208333333333332
0.206	0.15291666666666667
0.19599999999999998	0.16208333333333333
0.1775	0.19541666666666668
0.167875	0.16833333333333333
0.28020833333333334	0.043333333333333335
0.29041666666666666	0.14916666666666667
0.281125	0.09583333333333334
0.2579166666666667	0.14916666666666667
0.23416666666666666	0.16666666666666666
0.21158333333333335	0.16583333333333333
0.19895833333333335	0.17041666666666666
0.18412499999999998	0.17666666666666667
0.16941666666666666	0.18375
0.212125	0.13749999999999998
0.30954166666666666	0.08791666666666666
0.28458333333333335	0.18416666666666667
0.24566666666666667	0.19375
0.21887500000000001	0.1779166666666667
0.21420833333333333	0.2020833333333333
0.22291666666666665	0.22
0.21354166666666666	0.24375000000000002
0.20058333333333334	0.16041666666666668
0.20979166666666668	0.20916666666666664
0.19370833333333334	0.2041666666666667
0.17416666666666666	0.18958333333333333
0.16625	0.18833333333333335
0.27487500000000004	0.1575
0.29775	0.10958333333333332
0.26445833333333335	0.19416666666666668
0.24966666666666668	0.19791666666666666
0.22904166666666667	0.18208333333333335
0.19316666666666668	0.22666666666666668
0.17320833333333333	0.21
0.21783333333333332	0.13541666666666666
0.24741666666666665	0.14375000000000002
0.232125	0.19874999999999998
0.20691666666666667	0.1975
0.18079166666666668	0.23208333333333334
0.162125	0.28875
0.151375	0.25666666666666665
0.1445	0.245
0.13854166666666667	0.26666666666666666
0.14183333333333334	0.17958333333333332
0.15041666666666667	0.20083333333333334
0.15691666666666668	0.17541666666666667
0.18641666666666667	0.15
0.18470833333333334	0.19208333333333336
0.18033333333333332	0.15916666666666665
0.3385833333333333	0.08541666666666665
0.327375	0.14708333333333332
0.2723333333333333	0.21083333333333332
0.23279166666666665	0.1825
0.20395833333333332	0.20166666666666666
0.17633333333333334	0.22583333333333333
0.15404166666666666	0.24083333333333334
0.15212499999999998	0.24583333333333335
0.1555	0.1708333333333333
0.21133333333333335	0.24916666666666668
0.20145833333333332	0.22458333333333336
0.17704166666666665	0.22916666666666666
0.17508333333333334	0.15125
0.2650416666666667	0.15625
0.2627083333333333	0.21333333333333335
0.22275	0.235
0.19670833333333335	0.24208333333333332
0.17829166666666665	0.22666666666666666
0.170875	0.19625
0.167125	0.24125
0.16566666666666666	0.23416666666666666
0.166	0.2604166666666667
0.15475	0.24375
0.15329166666666666	0.21041666666666667
0.294	0.09708333333333334
0.3665416666666667	0.15708333333333332
0.2906666666666667	0.22125000000000003
0.243625	0.22583333333333333
0.24379166666666666	0.20125
0.23508333333333334	0.21
0.19983333333333334	0.17041666666666666
0.174125	0.27166666666666667
0.15670833333333334	0.24750000000000003
0.15058333333333332	0.2804166666666667
0.1455	0.23375
0.17233333333333334	0.18583333333333332
0.18670833333333334	0.23291666666666666
0.16254166666666667	0.22291666666666665
0.17970833333333333	0.19125
0.16275	0.2383333333333333
0.15241666666666667	0.24375000000000002
0.15583333333333335	0.265
0.15079166666666666	0.29291666666666666
0.15295833333333334	0.23
0.24283333333333335	0.19041666666666668
0.2145	0.24958333333333335
0.18712499999999999	0.24458333333333335
0.17637499999999998	0.15875
0.16920833333333332	0.22166666666666668
0.162125	0.2070833333333333
0.15645833333333334	0.22291666666666665
0.14658333333333332	0.20333333333333334
0.144	0.20666666666666667
0.14566666666666664	0.21333333333333335
0.14241666666666666	0.26791666666666664
0.14020833333333335	0.23625
0.13895833333333335	0.25
0.13691666666666666	0.15625
0.29025	0.09208333333333334
0.3464583333333333	0.105
0.3000416666666667	0.16666666666666666
0.2609166666666667	0.1725
0.23179166666666665	0.21416666666666664
0.20791666666666667	0.17791666666666664
0.20129166666666667	0.13083333333333333
0.31754166666666667	0.04791666666666666
0.397875	0.06875
0.41683333333333333	0.07166666666666667
0.415375	0.07625
0.3902916666666667	0.15125
0.35862499999999997	0.14458333333333334
0.33699999999999997	0.1425
0.3172916666666667	0.15083333333333335
0.2977083333333333	0.14083333333333334
0.2810833333333333	0.14833333333333334
0.2599166666666667	0.1775
0.24120833333333333	0.16291666666666668
0.22245833333333334	0.1425
0.24854166666666666	0.07583333333333334
0.28654166666666664	0.11333333333333334
0.26945833333333336	0.11291666666666667
0.2514166666666667	0.12875
0.2323333333333333	0.17833333333333334
0.2157916666666667	0.1075
0.20641666666666666	0.12208333333333334
0.19241666666666668	0.16708333333333333
0.23891666666666667	0.09249999999999999
0.24854166666666666	0.06083333333333333
0.27591666666666664	0.1375
0.27216666666666667	0.11041666666666666
0.257875	0.11125
0.24175	0.11625
0.22870833333333332	0.13749999999999998
0.21554166666666666	0.12541666666666665
0.21245833333333333	0.1225
0.207	0.08375
0.22395833333333334	0.09708333333333334
0.22104166666666666	0.11499999999999999
0.213875	0.09999999999999999
0.207125	0.12833333333333333
0.19608333333333336	0.15375
0.20183333333333334	0.07208333333333333
0.20495833333333333	0.07791666666666666
0.20000000000000004	0.08833333333333333
0.19191666666666665	0.10916666666666668
0.18325	0.1175
0.171875	0.12291666666666666
0.16404166666666667	0.11833333333333333
0.15683333333333335	0.1475
0.153875	0.13833333333333334
0.15541666666666668	0.11708333333333333
0.16433333333333333	0.06208333333333333
0.162	0.06083333333333333
0.16091666666666668	0.08208333333333333
0.163625	0.07541666666666667
0.16708333333333333	0.07333333333333333
0.1681666666666667	0.07083333333333333
0.166875	0.09749999999999999
0.21637499999999998	0.07541666666666667
0.25508333333333333	0.08458333333333334
0.24349999999999997	0.06333333333333334
0.24445833333333333	0.02916666666666667
0.2765	0.034583333333333334
0.26316666666666666	0.06125
0.24666666666666667	0.15708333333333332
0.23279166666666665	0.08833333333333333
0.223625	0.11166666666666668
0.22104166666666666	0.057499999999999996
0.30579166666666663	0.046250000000000006
0.2859583333333333	0.029583333333333333
0.2745416666666667	0.04
0.2635416666666667	0.06166666666666667
0.2525833333333333	0.0525
0.24570833333333333	0.028333333333333335
0.24104166666666668	0.03791666666666667
0.23854166666666665	0.02291666666666667
0.23616666666666664	0.03041666666666667
0.235	0.01625
0.23487500000000003	0.02916666666666667
0.235125	0.042916666666666665
0.23108333333333334	0.0325
0.22716666666666666	0.030416666666666665
0.22420833333333334	0.02875
0.22108333333333333	0.03291666666666667
0.22487500000000002	0.012499999999999999
0.24816666666666665	0.011250000000000001
0.26045833333333335	0.012499999999999999
0.2627083333333334	0.01
0.259875	0.0175
0.25925000000000004	0.02291666666666667
0.26475	0.012083333333333335
0.39358333333333334	0.009583333333333334
0.379875	0.02625
0.34641666666666665	0.03625
0.3345833333333334	0.02875
0.3275	0.04041666666666666
0.32295833333333335	0.012083333333333333
0.3237083333333333	0.013333333333333334
0.3717083333333333	0.009166666666666667
0.38504166666666667	0.03666666666666667
0.36004166666666665	0.02291666666666667
0.3466666666666667	0.015416666666666667
0.342	0.015416666666666667
0.37520833333333337	0.050833333333333335
0.36274999999999996	0.05541666666666667
0.3547916666666666	0.046250000000000006
0.3584583333333333	0.03166666666666667
0.38458333333333333	0.014583333333333335
0.364625	0.012499999999999999
0.3498333333333333	0.010416666666666666
0.3425	0.015
0.3374166666666667	0.01875
0.334	0.012499999999999999
0.33570833333333333	0.01958333333333333
0.3355416666666667	0.01875
0.33037500000000003	0.01
0.3287083333333333	0.012916666666666667
0.3431666666666667	0.045000000000000005
0.3330416666666667	0.03958333333333333
0.41566666666666663	0.02291666666666667
0.3913333333333333	0.047499999999999994
0.3758333333333333	0.05416666666666667
0.363875	0.04541666666666667
0.3572916666666666	0.05625
0.3496666666666666	0.0425
0.35575	0.03208333333333333
0.3775	0.03625
0.3595	0.035416666666666666
0.35433333333333333	0.05458333333333334
0.3443333333333333	0.04833333333333333
0.33908333333333335	0.03125
0.36025	0.02291666666666667
0.39562500000000006	0.022083333333333333
0.370875	0.015833333333333335
0.3795	0.027083333333333334
0.39333333333333337	0.02666666666666667
0.37604166666666666	0.01875
0.3645416666666667	0.04416666666666667
0.3601666666666667	0.04
0.36125	0.044583333333333336
0.364875	0.05791666666666667
0.35175	0.059166666666666666
0.343875	0.05666666666666667
0.33866666666666667	0.04041666666666666
0.334125	0.05375
0.33237500000000003	0.01875
0.3310416666666667	0.013333333333333334
0.3290416666666667	0.023750000000000004
0.3275	0.016666666666666666
0.32575000000000004	0.011250000000000001
0.32433333333333336	0.025833333333333333
0.3225	0.044583333333333336
0.32358333333333333	0.04041666666666666
0.3332083333333334	0.023750000000000004
0.3428333333333333	0.021666666666666667
0.3429166666666667	0.043333333333333335
0.33416666666666667	0.024166666666666666
0.32983333333333337	0.022916666666666665
0.33225	0.03208333333333333
0.34870833333333334	0.04041666666666666
0.37404166666666666	0.0325
0.3539999999999999	0.04416666666666667
0.34270833333333334	0.035
0.337	0.03666666666666667
0.33437500000000003	0.04041666666666666
0.33179166666666665	0.03666666666666667
0.327875	0.0375
0.32545833333333335	0.037083333333333336
0.34604166666666664	0.06875
0.33570833333333333	0.065
0.332	0.055
0.327625	0.06541666666666666
0.3204166666666667	0.06541666666666666
0.3153333333333333	0.05291666666666667
0.3109166666666667	0.05416666666666667
0.3082916666666667	0.04958333333333333
0.30420833333333336	0.07916666666666668
0.2977083333333333	0.06291666666666666
0.293375	0.0625
0.34175	0.04958333333333333
0.336625	0.06041666666666667
0.3229166666666667	0.05291666666666667
0.313125	0.10666666666666667
0.30091666666666667	0.125
0.29	0.09166666666666667
0.277625	0.16291666666666668
0.27287500000000003	0.09125
0.31908333333333333	0.022083333333333333
0.32866666666666666	0.07375
0.3099166666666667	0.12666666666666668
0.29520833333333335	0.12708333333333335
0.28354166666666664	0.10291666666666667
0.273	0.11208333333333333
0.2659166666666667	0.09250000000000001
0.26208333333333333	0.07708333333333334
0.287875	0.06458333333333334
0.27216666666666667	0.11666666666666665
0.2677083333333334	0.07916666666666668
0.2655416666666667	0.07541666666666667
0.2654166666666667	0.08291666666666667
0.26558333333333334	0.08666666666666667
0.34591666666666665	0.03833333333333334
0.33025	0.10166666666666667
0.3175	0.07541666666666667
0.30675	0.07458333333333333
0.2937083333333333	0.07333333333333333
0.27829166666666666	0.10208333333333335
0.264375	0.10583333333333333
0.24791666666666667	0.11
0.23479166666666665	0.12041666666666667
0.23658333333333334	0.09208333333333334
0.23795833333333336	0.09583333333333333
0.23224999999999998	0.08291666666666667
0.22758333333333333	0.07125
0.22545833333333334	0.09708333333333334
0.21529166666666666	0.12125000000000001
0.20095833333333335	0.14541666666666667
0.18641666666666667	0.14208333333333334
0.17629166666666665	0.16083333333333333
0.16691666666666669	0.16541666666666668
0.15920833333333334	0.17041666666666666
0.16304166666666667	0.09791666666666667
0.22345833333333334	0.09166666666666667
0.2257916666666667	0.11416666666666668
0.21195833333333333	0.13666666666666666
0.19875	0.16291666666666668
0.213125	0.05541666666666667
0.21791666666666668	0.07666666666666667
0.213	0.11208333333333333
0.203875	0.09333333333333334
0.2165	0.04416666666666667
0.22045833333333334	0.15416666666666665
0.2015	0.14833333333333334
0.18520833333333334	0.13791666666666666
0.17620833333333333	0.1525
0.16491666666666668	0.18833333333333335
0.15379166666666666	0.18125
0.15420833333333334	0.19499999999999998
0.14366666666666664	0.19208333333333336
0.16125	0.09250000000000001
0.172625	0.19499999999999998
0.16141666666666668	0.22875
0.15262499999999998	0.2520833333333333
0.15179166666666666	0.14833333333333334
0.15320833333333334	0.17041666666666666
0.17858333333333332	0.06166666666666667
0.26325	0.04833333333333334
0.29075	0.17208333333333334
0.2511666666666667	0.22166666666666668
0.25354166666666667	0.10416666666666667
0.247	0.06749999999999999
0.3222916666666667	0.04041666666666666
0.32979166666666665	0.10333333333333333
0.288125	0.12666666666666668
0.26008333333333333	0.17916666666666667
0.28450000000000003	0.07541666666666667
0.29141666666666666	0.1775
0.286625	0.13291666666666666
0.35000000000000003	0.06874999999999999
0.32183333333333336	0.09208333333333334
0.29991666666666666	0.10625
0.33479166666666665	0.04541666666666667
0.37116666666666664	0.055
0.331625	0.11375
0.30416666666666664	0.13625
0.28524999999999995	0.1225
0.35575	0.09625
0.352875	0.08958333333333333
0.3702083333333333	0.0775
0.3818333333333333	0.12666666666666668
0.33795833333333336	0.19999999999999998
0.3094166666666667	0.17375
0.28525	0.19041666666666668
0.2919583333333333	0.08291666666666667
0.35079166666666667	0.06708333333333334
0.38845833333333335	0.05416666666666667
0.3918333333333333	0.0675
0.3710833333333334	0.15541666666666668
0.33395833333333336	0.18708333333333335
0.30545833333333333	0.20833333333333334
0.27720833333333333	0.20333333333333334
0.2552083333333333	0.20541666666666666
0.225375	0.20166666666666666
0.225375	0.1225
0.321625	0.1725
0.2695416666666667	0.22416666666666665
0.22891666666666666	0.22624999999999998
0.19520833333333332	0.27375
0.1764583333333333	0.28
0.15483333333333332	0.31416666666666665
0.15266666666666664	0.22416666666666665
0.15575	0.26833333333333337
0.16404166666666667	0.2754166666666667
0.16216666666666665	0.19791666666666666
0.15704166666666666	0.19333333333333333
0.15012499999999998	0.2383333333333333
0.14841666666666667	0.215
0.14445833333333333	0.21
0.21333333333333335	0.23541666666666664
0.21404166666666669	0.15041666666666667
0.3827083333333334	0.08208333333333333
0.32837500000000003	0.21666666666666667
0.2635416666666667	0.23291666666666666
0.21591666666666667	0.26916666666666667
0.17695833333333333	0.27625
0.15808333333333333	0.28875
0.15304166666666666	0.24375
0.14558333333333331	0.33416666666666667
0.14533333333333331	0.26875
0.1675	0.21875
0.15845833333333334	0.24791666666666665
0.15145833333333333	0.2504166666666667
0.14558333333333331	0.26208333333333333
0.1430833333333333	0.30041666666666667
0.15412499999999998	0.2529166666666667
0.16983333333333336	0.1975
0.1685	0.18916666666666668
0.159625	0.19291666666666665
0.15595833333333334	0.22041666666666668
0.18045833333333336	0.1475
0.24654166666666666	0.11416666666666668
0.26866666666666666	0.16583333333333333
0.2404166666666667	0.18125
0.208125	0.2070833333333333
0.18254166666666669	0.22041666666666668
0.16229166666666667	0.18833333333333335
0.15233333333333332	0.20333333333333334
0.149	0.21875
0.15579166666666666	0.20791666666666667
0.16508333333333333	0.19291666666666665
0.14883333333333335	0.28291666666666665
0.13833333333333334	0.24875
0.13433333333333333	0.26375
0.1325	0.23083333333333333
0.19595833333333335	0.10208333333333335
0.24625	0.15208333333333332
0.3319166666666667	0.16333333333333333
0.2795	0.19416666666666668
0.23725	0.22124999999999997
0.22366666666666668	0.21166666666666667
0.19087500000000002	0.13375
0.18366666666666664	0.17833333333333334
0.18425	0.19625
0.16583333333333333	0.19458333333333333
0.16583333333333333	0.21333333333333335
0.17425000000000002	0.20791666666666667
0.22183333333333333	0.1775
0.19016666666666668	0.23166666666666666
0.1679166666666667	0.20666666666666667
0.19029166666666666	0.20625000000000002
0.180625	0.20458333333333334
0.2147083333333333	0.15041666666666667
0.22045833333333334	0.17875
0.19854166666666664	0.2025
0.18037499999999998	0.17958333333333334
0.17174999999999999	0.16708333333333333
0.16133333333333333	0.23750000000000002
0.14912499999999998	0.23124999999999998
0.14758333333333332	0.1725
0.15670833333333334	0.1475
0.15983333333333336	0.14708333333333334
0.15304166666666666	0.16125
0.145875	0.17333333333333334
0.16733333333333333	0.15208333333333332
0.17929166666666665	0.14666666666666667
0.19845833333333332	0.18291666666666664
0.179625	0.19541666666666668
0.16466666666666666	0.15833333333333335
0.23004166666666667	0.18541666666666667
0.20783333333333334	0.19041666666666668
0.18708333333333335	0.15666666666666668
0.21837499999999999	0.09416666666666666
0.2840833333333333	0.16291666666666668
0.25329166666666664	0.17500000000000002
0.22899999999999998	0.1679166666666667
0.23704166666666668	0.10208333333333335
0.2927916666666667	0.051666666666666666
0.26933333333333337	0.09166666666666667
0.3580833333333333	0.105
0.32395833333333335	0.12541666666666668
0.29383333333333334	0.135
0.2677916666666667	0.16166666666666665
0.24783333333333335	0.1575
0.23124999999999998	0.12291666666666667
0.22354166666666667	0.13208333333333333
0.21016666666666664	0.14666666666666667
0.20404166666666668	0.08625
0.19762500000000002	0.15791666666666668
0.19004166666666666	0.1325
0.18762500000000001	0.125
0.1825	0.14208333333333334
0.173875	0.16541666666666666
0.1702916666666667	0.09749999999999999
0.17704166666666665	0.09208333333333334
0.18025	0.08750000000000001
0.18920833333333334	0.11166666666666668
0.19020833333333334	0.10958333333333332
0.2357916666666667	0.06041666666666667
0.27233333333333337	0.1225
0.2504166666666667	0.19208333333333336
0.22958333333333333	0.1425
0.24854166666666666	0.05291666666666667
0.27958333333333335	0.09250000000000001
0.265	0.08708333333333333
0.28470833333333334	0.05541666666666667
0.280375	0.06833333333333334
0.2789166666666667	0.05666666666666667
0.2725416666666667	0.09291666666666666
0.26587500000000003	0.050416666666666665
0.3056666666666667	0.09250000000000001
0.286125	0.09999999999999999
0.27537500000000004	0.07125
0.27387500000000004	0.048749999999999995
0.272	0.049999999999999996
0.263875	0.09583333333333334
0.27566666666666667	0.07625
0.293	0.06708333333333333
0.2857083333333333	0.052083333333333336
0.2838333333333333	0.03416666666666667
0.28391666666666665	0.0525
0.274125	0.051666666666666666
0.26695833333333335	0.05791666666666667
0.2639166666666667	0.06416666666666666
0.2564166666666667	0.10291666666666667
0.24420833333333333	0.07916666666666666
0.23716666666666666	0.06
0.23391666666666666	0.07875
0.242375	0.030833333333333334
0.255375	0.03625
0.2707916666666667	0.035416666666666666
0.272125	0.02666666666666667
0.26958333333333334	0.06458333333333334
0.26495833333333335	0.02791666666666667
0.2635	0.0725
0.2670416666666667	0.07416666666666667
0.32845833333333335	0.017916666666666668
0.3757083333333333	0.05125
0.36929166666666663	0.03916666666666667
0.3597083333333333	0.02625
0.3754583333333333	0.02666666666666667
0.35912499999999997	0.034999999999999996
0.3499999999999999	0.03166666666666667
0.3675833333333333	0.01625
0.41083333333333333	0.01375
0.3960416666666667	0.03125
0.3825	0.019583333333333335
0.38275	0.028333333333333335
0.38358333333333333	0.030833333333333334
0.3745416666666667	0.02125
0.3655	0.03791666666666667
0.3799166666666667	0.011250000000000001
0.4067083333333333	0.022500000000000003
0.3879166666666667	0.029166666666666664
0.377875	0.03125
0.368125	0.02791666666666667
0.36066666666666664	0.02
0.3595	0.02
0.3602916666666667	0.01916666666666667
0.36695833333333333	0.01875
0.369125	0.05125
0.36308333333333337	0.03625
0.3518333333333333	0.024583333333333332
0.3496666666666666	0.030416666666666665
0.3465	0.0375
0.342875	0.022083333333333333
0.3409583333333333	0.017083333333333336
0.338125	0.011250000000000001
0.34437500000000004	0.023333333333333334
0.347875	0.025416666666666667
0.34650000000000003	0.009166666666666667
0.345	0.041666666666666664
0.3383333333333334	0.021666666666666667
0.33475000000000005	0.011666666666666667
0.33287500000000003	0.015
0.3408333333333333	0.0325
0.33970833333333333	0.030833333333333334
0.33508333333333334	0.013333333333333334
0.33595833333333336	0.01375
0.33487500000000003	0.017499999999999998
0.3337916666666667	0.02416666666666667
0.3392916666666667	0.04583333333333334
0.3666666666666667	0.022500000000000003
0.39458333333333334	0.015416666666666667
0.41887499999999994	0.03791666666666667
0.3974583333333333	0.04416666666666667
0.40208333333333335	0.03416666666666667
0.3835	0.02875
0.36474999999999996	0.035833333333333335
0.36125	0.04791666666666667
0.3572916666666666	0.03833333333333334
0.35433333333333333	0.023333333333333334
0.351625	0.048749999999999995
0.34841666666666665	0.03
0.34754166666666664	0.01625
0.34670833333333334	0.015833333333333335
0.3475	0.04083333333333333
0.355625	0.04541666666666667
0.3489583333333333	0.02
0.34591666666666665	0.027083333333333334
0.34241666666666665	0.022500000000000003
0.353	0.015
0.3512916666666666	0.015000000000000001
0.3515833333333333	0.04
0.34670833333333334	0.023749999999999997
0.3439583333333333	0.02291666666666667
0.3417916666666667	0.01
0.339625	0.010833333333333334
0.3312916666666667	0.020416666666666666
0.33479166666666665	0.0075
0.33575	0.0075
0.36504166666666665	0.008749999999999999
0.387	0.015
0.3682916666666667	0.017916666666666668
0.3599583333333333	0.035833333333333335
0.357875	0.03
0.35666666666666663	0.02125
0.35516666666666663	0.014166666666666666
0.3475833333333333	0.014166666666666668
0.34462499999999996	0.021666666666666667
0.34795833333333337	0.016666666666666666
0.3665416666666667	0.04541666666666667
0.35912499999999997	0.043750000000000004
0.35554166666666664	0.05708333333333334
0.3465833333333333	0.06916666666666667
0.342	0.0775
0.3925	0.05666666666666667
0.38437499999999997	0.05416666666666667
0.37679166666666664	0.05958333333333333
0.36604166666666665	0.05875
0.3553333333333333	0.041666666666666664
0.3492916666666666	0.037083333333333336
0.34370833333333334	0.03333333333333333
0.351375	0.06
0.36241666666666666	0.06708333333333334
0.355	0.07833333333333334
0.3547916666666666	0.07041666666666667
0.35516666666666663	0.051666666666666666
0.339375	0.06208333333333333
0.33075000000000004	0.06958333333333333
0.322625	0.050833333333333335
0.3093333333333333	0.08875
0.3013333333333333	0.05708333333333334
0.292375	0.06874999999999999
0.2967916666666666	0.08
0.30175	0.07791666666666668
0.28875	0.13166666666666668
0.29675	0.08791666666666666
0.2871666666666666	0.07833333333333334
0.28975	0.07416666666666667
0.30624999999999997	0.08750000000000001
0.31858333333333333	0.07833333333333334
0.3212083333333334	0.0725
0.30975	0.052083333333333336
0.36941666666666667	0.11291666666666667
0.3682916666666667	0.07666666666666667
0.34829166666666667	0.08416666666666667
0.33433333333333337	0.10541666666666667
0.3689166666666667	0.05458333333333334
0.36362500000000003	0.07375
0.33970833333333333	0.06875
0.3314166666666667	0.06625
0.325375	0.09916666666666667
0.32433333333333336	0.10958333333333332
0.31816666666666665	0.12166666666666666
0.3428333333333333	0.08333333333333333
0.34208333333333335	0.08875
0.3276666666666667	0.09749999999999999
0.31666666666666665	0.13333333333333333
0.30175	0.075
0.2887083333333333	0.10875
0.26908333333333334	0.1075
0.259125	0.10958333333333332
0.2672083333333333	0.03875
0.26383333333333336	0.08875
0.2577083333333334	0.09458333333333334
0.25154166666666666	0.10291666666666667
0.24025	0.05666666666666667
0.23516666666666666	0.07333333333333333
0.22525000000000003	0.11375
0.22633333333333336	0.13208333333333333
0.2187916666666667	0.14958333333333332
0.21004166666666665	0.09499999999999999
0.20733333333333334	0.08916666666666667
0.20737499999999998	0.09666666666666666
0.19799999999999998	0.11875000000000001
0.18595833333333334	0.12208333333333334
0.18112499999999998	0.10416666666666667
0.162125	0.14166666666666666
0.16508333333333333	0.18625
0.15520833333333334	0.21958333333333332
0.149375	0.20625000000000002
0.139	0.18541666666666667
0.13658333333333336	0.16166666666666665
0.13862500000000003	0.15583333333333335
0.14525	0.16458333333333333
0.141125	0.15625
0.16333333333333333	0.13083333333333333
0.16970833333333335	0.15666666666666665
0.1718333333333333	0.17166666666666666
0.16808333333333336	0.20750000000000002
0.16016666666666668	0.14375
0.17270833333333332	0.105
0.17791666666666664	0.16375
0.1725	0.16749999999999998
0.16645833333333335	0.17375
0.15804166666666666	0.16833333333333333
0.161625	0.19874999999999998
0.16087500000000002	0.22166666666666668
0.155875	0.16625
0.160625	0.14916666666666667
0.16941666666666666	0.1725
0.168125	0.12333333333333334
0.16525	0.1925
0.17825	0.16749999999999998
0.18916666666666668	0.19499999999999998
0.188375	0.15958333333333333
0.18229166666666666	0.17
0.19220833333333334	0.13125
0.19295833333333334	0.1325
0.18070833333333333	0.23
0.16925	0.18458333333333332
0.161125	0.18333333333333335
0.157375	0.13166666666666668
0.15958333333333333	0.17
0.17975	0.14833333333333334
0.18233333333333332	0.12708333333333333
0.17466666666666666	0.12
0.32245833333333335	0.05125
0.31083333333333335	0.14416666666666667
0.26975	0.16375
0.22475	0.21375
0.18533333333333332	0.205
0.17204166666666665	0.22791666666666666
0.16366666666666665	0.18041666666666667
0.16245833333333334	0.16333333333333333
0.24287499999999998	0.08625
0.34879166666666667	0.14791666666666667
0.32666666666666666	0.12833333333333333
0.33925	0.115
0.32608333333333334	0.17125
0.29675	0.09583333333333333
0.32887500000000003	0.1175
0.302125	0.15416666666666665
0.31216666666666665	0.06375
0.32358333333333333	0.17625000000000002
0.27295833333333336	0.17875
0.30054166666666665	0.15833333333333333
0.32054166666666667	0.18458333333333332
0.329625	0.06833333333333334
0.3046666666666667	0.20291666666666666
0.26575	0.20125
0.30083333333333334	0.12458333333333334
0.288125	0.1075
0.34995833333333337	0.07958333333333334
0.3374166666666667	0.16416666666666666
0.2910416666666667	0.1975
0.2521666666666667	0.20583333333333334
0.224625	0.18166666666666667
0.2594166666666667	0.12625
0.2565	0.145
0.239375	0.13541666666666666
0.2896666666666667	0.11499999999999999
0.26575	0.18500000000000003
0.28170833333333334	0.08916666666666667
0.3970833333333333	0.07375
0.33970833333333333	0.18791666666666665
0.2856666666666667	0.24625
0.24758333333333335	0.17875
0.23758333333333334	0.12791666666666665
0.26525000000000004	0.18833333333333332
0.2325	0.22333333333333336
0.19491666666666665	0.24666666666666667
0.274375	0.11208333333333333
0.2939583333333333	0.1975
0.24875000000000003	0.22583333333333333
0.21891666666666665	0.22916666666666666
0.23591666666666666	0.15208333333333332
0.24129166666666668	0.22
0.20354166666666665	0.26916666666666667
0.1765	0.26166666666666666
0.1844583333333333	0.19166666666666665
0.17500000000000002	0.21624999999999997
0.16541666666666668	0.22083333333333333
0.15637500000000001	0.29291666666666666
0.22233333333333336	0.08375
0.2624166666666667	0.17666666666666667
0.22420833333333334	0.17333333333333334
0.19879166666666667	0.21208333333333332
0.181875	0.19999999999999998
0.19441666666666668	0.13291666666666666
0.26545833333333335	0.15333333333333335
0.34604166666666664	0.07291666666666667
0.3260416666666667	0.11458333333333333
0.28258333333333335	0.19375
0.24754166666666666	0.19208333333333336
0.26775	0.15416666666666667
0.219375	0.19166666666666668
0.21104166666666668	0.13833333333333334
0.19595833333333335	0.17
0.18308333333333335	0.16291666666666668
0.1688333333333333	0.21333333333333335
0.14954166666666666	0.24916666666666668
0.17366666666666666	0.17708333333333334
0.16895833333333332	0.24
0.156625	0.26999999999999996
0.14808333333333332	0.24458333333333335
0.1475	0.20333333333333334
0.27508333333333335	0.075
0.379	0.08416666666666667
0.35262499999999997	0.08
0.335875	0.1525
0.3010833333333333	0.19375
0.26533333333333337	0.20291666666666666
0.2333333333333333	0.2125
0.20604166666666668	0.19958333333333333
0.18783333333333332	0.15958333333333333
0.178625	0.19791666666666666
0.16679166666666667	0.19208333333333336
0.2612083333333333	0.12375000000000001
0.352875	0.1075
0.3242083333333334	0.1325
0.3265	0.09000000000000001
0.354875	0.10375000000000001
0.31220833333333337	0.17666666666666667
0.279625	0.18833333333333335
0.24050000000000002	0.20625000000000002
0.24125	0.17
0.38258333333333333	0.17416666666666666
0.3349166666666667	0.1391666666666667
0.30204166666666665	0.17958333333333332
0.2738333333333333	0.20625000000000002
0.24295833333333336	0.21458333333333335
0.22233333333333336	0.19708333333333336
0.20629166666666665	0.14666666666666667
0.232125	0.1275
0.2184583333333333	0.16708333333333333
0.3579583333333333	0.06416666666666666
0.350125	0.14375000000000002
0.31954166666666667	0.1275
0.297	0.14416666666666667
0.276375	0.155
0.28620833333333334	0.07291666666666667
0.370875	0.07375
0.32795833333333335	0.13999999999999999
0.29983333333333334	0.14416666666666667
0.27487500000000004	0.13833333333333334
0.25704166666666667	0.13458333333333333
0.239	0.14375000000000002
0.224	0.14375000000000002
0.21308333333333332	0.15083333333333335
0.19829166666666667	0.16208333333333333
0.18416666666666667	0.16
0.20083333333333334	0.13541666666666666
0.19966666666666666	0.14458333333333334
0.19233333333333333	0.14458333333333334
0.18516666666666667	0.15458333333333332
0.17537499999999998	0.15708333333333332
0.16579166666666667	0.17541666666666667
0.18375	0.09749999999999999
0.214	0.12333333333333334
0.3057083333333333	0.04583333333333334
0.3869583333333333	0.07208333333333333
0.32408333333333333	0.11291666666666667
0.3701666666666667	0.03875
0.35437499999999994	0.06458333333333334
0.34591666666666665	0.07416666666666667
0.331	0.08083333333333333
0.312125	0.09000000000000001
0.296375	0.1375
0.3665416666666667	0.12583333333333332
0.34670833333333334	0.07583333333333334
0.32345833333333335	0.08791666666666666
0.320375	0.0775
0.3085833333333333	0.09875
0.29454166666666665	0.09375
0.29220833333333335	0.07208333333333333
0.34308333333333335	0.05333333333333334
0.40725000000000006	0.034583333333333334
0.41420833333333335	0.02875
0.42874999999999996	0.035416666666666666
0.3993333333333333	0.045000000000000005
0.41654166666666664	0.020416666666666666
0.40691666666666665	0.041666666666666664
0.3785416666666667	0.05875
0.36874999999999997	0.044583333333333336
0.3549583333333333	0.06708333333333334
0.34191666666666665	0.050833333333333335
0.3350416666666667	0.047499999999999994
0.3330416666666667	0.03333333333333333
0.354125	0.046250000000000006
0.34545833333333337	0.034999999999999996
0.3297083333333333	0.06458333333333334
0.3302916666666667	0.034999999999999996
0.3305	0.05333333333333334
0.32775000000000004	0.042083333333333334
0.34779166666666667	0.03
0.357875	0.0525
0.34679166666666666	0.029583333333333336
0.3645416666666667	0.04416666666666667
0.35120833333333334	0.047499999999999994
0.388625	0.04416666666666667
0.36004166666666665	0.055
0.3440833333333333	0.0425
0.337875	0.04791666666666667
0.3315416666666667	0.023750000000000004
0.333625	0.018333333333333333
0.3337916666666667	0.02
0.331125	0.02791666666666667
0.32775000000000004	0.03125
0.32308333333333333	0.02916666666666667
0.3213333333333333	0.015416666666666667
0.32079166666666664	0.01625
0.3205	0.03
0.31866666666666665	0.04666666666666667
0.31233333333333335	0.0375
0.31795833333333334	0.02625
0.34991666666666665	0.048749999999999995
0.332125	0.027083333333333334
0.32383333333333336	0.028333333333333335
0.3250416666666667	0.02791666666666667
0.3292083333333334	0.0175
0.3272083333333334	0.01375
0.321875	0.012499999999999999
0.31916666666666665	0.012499999999999999
0.3193333333333333	0.009583333333333334
0.31745833333333334	0.02666666666666667
0.31245833333333334	0.02416666666666667
0.3085833333333333	0.01916666666666667
0.3057083333333333	0.015
0.3045	0.009166666666666667
0.30420833333333336	0.017916666666666668
0.30804166666666666	0.02416666666666667
0.316	0.02125
0.325375	0.013333333333333334
0.3219166666666667	0.009583333333333334
0.3209166666666667	0.01375
0.39895833333333336	0.006666666666666667
0.37637499999999996	0.009583333333333334
0.3587916666666666	0.011666666666666667
0.35204166666666664	0.015416666666666667
0.34800000000000003	0.018333333333333333
0.3415416666666667	0.014166666666666668
0.3385416666666667	0.009583333333333334
0.33841666666666664	0.009583333333333334
0.32995833333333335	0.011666666666666667
0.32158333333333333	0.010833333333333334
0.31983333333333336	0.009166666666666667
0.32125	0.01375
0.34087500000000004	0.010416666666666666
0.35633333333333334	0.016666666666666666
0.3685416666666667	0.020833333333333332
0.3654583333333333	0.012916666666666667
0.3473333333333333	0.037083333333333336
0.33666666666666667	0.03125
0.334	0.03166666666666667
0.3549583333333333	0.023749999999999997
0.3481666666666667	0.013333333333333334
0.34508333333333335	0.022500000000000003
0.33737500000000004	0.009583333333333334
0.3358333333333334	0.015
0.35200000000000004	0.01375
0.3445833333333333	0.011250000000000001
0.3389166666666667	0.011250000000000001
0.36554166666666665	0.012083333333333333
0.35612499999999997	0.021666666666666667
0.34345833333333337	0.020833333333333332
0.3361666666666667	0.022083333333333333
0.3312083333333334	0.01625
0.32779166666666665	0.02291666666666667
0.32579166666666665	0.020416666666666666
0.32887500000000003	0.042083333333333334
0.32379166666666664	0.03916666666666667
0.3215	0.029583333333333333
0.316625	0.03375
0.31295833333333334	0.03208333333333333
0.3113333333333333	0.016666666666666666
0.310875	0.043333333333333335
0.3224166666666667	0.034999999999999996
0.31066666666666665	0.021666666666666667
0.3102916666666667	0.0275
0.32745833333333335	0.030416666666666665
0.339	0.03875
0.3255416666666667	0.04833333333333334
0.31616666666666665	0.03666666666666667
0.312625	0.03625
0.32825	0.0275
0.40900000000000003	0.021666666666666667
0.3844166666666667	0.050833333333333335
0.3735833333333333	0.02625
0.36162500000000003	0.03125
0.358875	0.02125
0.36670833333333336	0.015833333333333335
0.35024999999999995	0.09708333333333334
0.3426666666666667	0.03625
0.3480833333333333	0.011666666666666667
0.37987499999999996	0.008749999999999999
0.3983333333333334	0.012916666666666667
0.3758333333333333	0.017083333333333332
0.37279166666666663	0.01625
0.36962500000000004	0.04666666666666667
0.3619583333333333	0.04541666666666667
0.35683333333333334	0.044583333333333336
0.35237499999999994	0.05416666666666667
0.3481666666666667	0.05291666666666667
0.3459583333333333	0.023333333333333334
0.3584583333333333	0.04541666666666667
0.345625	0.05375
0.33145833333333335	0.03625
0.328625	0.02791666666666667
0.3305	0.02416666666666667
0.3333333333333333	0.041666666666666664
0.33245833333333336	0.0675
0.33345833333333336	0.06125
0.32383333333333336	0.05583333333333334
0.30816666666666664	0.10791666666666666
0.3055	0.05708333333333334
0.30583333333333335	0.0525
0.29262499999999997	0.055
0.28591666666666665	0.0525
0.281125	0.06541666666666666
0.27029166666666665	0.09875
0.279375	0.042916666666666665
0.29475	0.06875
0.2877083333333333	0.07458333333333333
0.28320833333333334	0.05875
0.27637500000000004	0.05791666666666667
0.26433333333333336	0.0625
0.2632083333333333	0.04041666666666666
0.2753333333333334	0.09916666666666667
0.26033333333333336	0.10541666666666666
0.2542083333333333	0.06666666666666667
0.251875	0.08666666666666667
0.24587499999999998	0.07666666666666667
0.25204166666666666	0.07583333333333334
0.24745833333333334	0.0725
0.24654166666666666	0.04833333333333334
0.2522083333333333	0.05583333333333334
0.24962499999999999	0.046250000000000006
0.2510833333333333	0.07375
0.24154166666666665	0.07333333333333333
0.23387499999999997	0.06541666666666666
0.22308333333333333	0.10791666666666666
0.20829166666666665	0.12791666666666668
0.19870833333333335	0.11916666666666666
0.19587500000000002	0.10583333333333333
0.18816666666666668	0.10708333333333332
0.18037499999999998	0.18375
0.17379166666666668	0.14958333333333332
0.15804166666666666	0.19541666666666668
0.14691666666666667	0.09999999999999999
0.14816666666666667	0.10708333333333332
0.16587500000000002	0.08833333333333333
0.16875000000000004	0.1625
0.17554166666666668	0.09333333333333334
0.17770833333333333	0.09166666666666667
0.19083333333333333	0.11541666666666667
0.1935416666666667	0.15291666666666667
0.17758333333333334	0.15166666666666667
0.16195833333333334	0.16208333333333333
0.168625	0.10166666666666667
0.281625	0.035416666666666666
0.3279166666666667	0.08791666666666666
0.298125	0.10041666666666667
0.27545833333333336	0.08583333333333333
0.25954166666666667	0.06875
0.249	0.06208333333333333
0.25854166666666667	0.0575
0.30291666666666667	0.08791666666666666
0.281875	0.14333333333333334
0.2655	0.11458333333333333
0.2627916666666667	0.13291666666666666
0.24445833333333333	0.14916666666666667
0.21429166666666666	0.15208333333333332
0.19525	0.1325
0.18570833333333334	0.11791666666666667
0.177625	0.14333333333333334
0.170875	0.15583333333333335
0.17666666666666667	0.13083333333333333
0.1748333333333333	0.1625
0.18904166666666666	0.09458333333333334
0.18712499999999999	0.1575
0.18054166666666668	0.2025
0.18812500000000001	0.125
0.20720833333333333	0.12833333333333333
0.2177916666666667	0.09666666666666666
0.219	0.18166666666666667
0.19958333333333333	0.23
0.17729166666666665	0.28250000000000003
0.156	0.29583333333333334
0.167	0.13625
0.2520833333333333	0.05416666666666667
0.2956666666666667	0.10208333333333335
0.28470833333333334	0.11083333333333334
0.29625	0.155
0.30945833333333334	0.07333333333333333
0.3112916666666667	0.15916666666666668
0.2786666666666667	0.10291666666666667
0.2737916666666667	0.14208333333333334
0.252375	0.16666666666666666
0.24183333333333334	0.08875
0.27125	0.0775
0.31083333333333335	0.09999999999999999
0.35625	0.07625
0.2994583333333333	0.21041666666666667
0.2615416666666667	0.12708333333333335
0.2499583333333333	0.15041666666666667
0.23358333333333334	0.1675
0.22458333333333336	0.11958333333333333
0.22725000000000004	0.15916666666666665
0.20745833333333333	0.18375
0.18758333333333332	0.22624999999999998
0.16608333333333333	0.21625000000000003
0.14833333333333332	0.24708333333333332
0.14870833333333333	0.20833333333333334
0.15458333333333332	0.1679166666666667
0.153	0.23583333333333334
0.14529166666666665	0.22375
0.1440833333333333	0.25875
0.14662499999999998	0.25
0.15858333333333333	0.19666666666666666
0.1754583333333333	0.21875
0.17125	0.25333333333333335
0.16187500000000002	0.22624999999999998
0.15479166666666666	0.22458333333333333
0.14616666666666667	0.2554166666666667
0.148375	0.29791666666666666
0.14825	0.3020833333333333
0.14941666666666667	0.24791666666666667
0.14970833333333333	0.27
0.17400000000000002	0.20083333333333334
0.179875	0.24125
0.15916666666666668	0.19666666666666666
0.15529166666666666	0.22791666666666666
0.23775000000000002	0.1758333333333333
0.21533333333333335	0.20291666666666666
0.18733333333333335	0.22
0.168875	0.24250000000000002
0.15629166666666666	0.25833333333333336
0.1575	0.215
0.16175	0.2325
0.15758333333333333	0.1325
0.15979166666666667	0.2125
0.15491666666666667	0.16375
0.14845833333333333	0.21416666666666664
0.14245833333333333	0.31916666666666665
0.141875	0.2575
0.16758333333333333	0.27708333333333335
0.26166666666666666	0.21583333333333332
0.15916666666666668	0.25875
0.16404166666666667	0.1425
0.2030833333333333	0.22375
0.18195833333333333	0.30916666666666665
0.23716666666666666	0.18999999999999997
0.24279166666666666	0.19041666666666668
0.206125	0.2520833333333333
0.30816666666666664	0.12291666666666667
0.37666666666666665	0.12541666666666668
0.32029166666666664	0.23375
0.2694166666666667	0.20541666666666666
0.23616666666666666	0.21666666666666667
0.20658333333333334	0.21916666666666665
0.181625	0.20583333333333334
0.16862500000000002	0.25625000000000003
0.3375416666666667	0.2025
0.3193333333333333	0.20166666666666666
0.2667916666666667	0.2175
0.23741666666666664	0.21958333333333335
0.33358333333333334	0.2125
0.27529166666666666	0.20375
0.27991666666666665	0.19041666666666668
0.34758333333333336	0.115
0.304375	0.18500000000000003
0.2648333333333333	0.18166666666666667
0.24966666666666668	0.13833333333333334
0.38679166666666664	0.05791666666666667
0.344125	0.15083333333333335
0.30579166666666663	0.20541666666666666
0.277625	0.1525
0.29050000000000004	0.16458333333333333
0.26408333333333334	0.20541666666666666
0.23275	0.20458333333333334
0.2105	0.1829166666666667
0.19108333333333336	0.18500000000000003
0.174125	0.20583333333333334
0.16004166666666667	0.19625
0.18929166666666666	0.16833333333333333
0.3717083333333333	0.15291666666666667
0.31124999999999997	0.14791666666666667
0.2874583333333333	0.13666666666666666
0.2664166666666667	0.13999999999999999
0.24629166666666666	0.16625
0.23933333333333331	0.14791666666666667
0.38295833333333335	0.10958333333333332
0.36833333333333335	0.11958333333333333
0.3545416666666667	0.12708333333333333
0.34754166666666664	0.08958333333333333
0.36404166666666665	0.11541666666666667
0.3402083333333333	0.10583333333333333
0.32508333333333334	0.1275
0.31024999999999997	0.13583333333333333
0.29854166666666665	0.11333333333333334
0.29262499999999997	0.14958333333333335
0.27625	0.14083333333333334
0.263	0.14875
0.2517916666666667	0.15083333333333335
0.238125	0.13666666666666666
0.22454166666666667	0.1425
0.220625	0.10666666666666667
0.21745833333333334	0.18791666666666665
0.2040833333333333	0.22958333333333333
0.190125	0.18125000000000002
0.18200000000000002	0.145
0.17791666666666664	0.12916666666666668
0.18116666666666667	0.1425
0.18583333333333332	0.1275
0.17825	0.13333333333333333
0.21141666666666667	0.12166666666666666
0.3365833333333333	0.1125
0.31079166666666663	0.08666666666666667
0.2937083333333333	0.08958333333333333
0.2775	0.08875
0.26329166666666665	0.08541666666666668
0.29058333333333336	0.07916666666666668
0.2984583333333333	0.12458333333333332
0.27570833333333333	0.13
0.258875	0.12166666666666666
0.24008333333333334	0.09666666666666668
0.2930416666666667	0.027083333333333334
0.302125	0.085
0.28095833333333337	0.08
0.27920833333333334	0.08541666666666668
0.27129166666666665	0.11583333333333333
0.25745833333333334	0.11916666666666666
0.24329166666666666	0.13
0.23224999999999998	0.10083333333333333
0.219375	0.13666666666666666
0.22975	0.04791666666666667
0.352875	0.0275
0.33345833333333336	0.06458333333333334
0.3093333333333333	0.07583333333333334
0.29520833333333335	0.05708333333333334
0.28550000000000003	0.1075
0.27995833333333336	0.06541666666666666
0.2965833333333333	0.06958333333333333
0.3037083333333333	0.06666666666666667
0.2904583333333333	0.07708333333333334
0.2778333333333333	0.07166666666666667
0.26783333333333337	0.06416666666666666
0.2605	0.05541666666666667
0.25666666666666665	0.05583333333333334
0.2520833333333333	0.07333333333333333
0.24091666666666667	0.09791666666666667
0.24254166666666666	0.08041666666666666
0.23675	0.0825
0.23008333333333333	0.07208333333333333
0.22129166666666666	0.10041666666666667
0.21345833333333333	0.044583333333333336
0.2070833333333333	0.05708333333333334
0.20170833333333335	0.06583333333333334
0.1955416666666667	0.0775
0.189375	0.06208333333333333
0.18400000000000002	0.052083333333333336
0.18108333333333335	0.0525
0.31904166666666667	0.021666666666666667
0.334125	0.03875
0.34712499999999996	0.05708333333333334
0.30816666666666664	0.07416666666666667
0.29220833333333335	0.049166666666666664
0.2816666666666667	0.06083333333333333
0.27775	0.05666666666666667
0.27125000000000005	0.05333333333333334
0.26445833333333335	0.05833333333333333
0.2647083333333334	0.021666666666666667
0.26845833333333335	0.02
0.30470833333333336	0.013333333333333334
0.279375	0.013333333333333334
0.2754166666666667	0.029583333333333333
0.27429166666666666	0.0375
0.26695833333333335	0.02625
0.2655	0.04666666666666666
0.2611666666666667	0.06874999999999999
0.257	0.049999999999999996
0.253625	0.02041666666666667
0.25533333333333336	0.017499999999999998
0.25554166666666667	0.03208333333333333
0.24629166666666666	0.02666666666666667
0.24091666666666667	0.020416666666666666
0.25195833333333334	0.010416666666666666
0.2679166666666667	0.010416666666666666
0.278125	0.01
0.27887500000000004	0.02666666666666667
0.28291666666666665	0.04416666666666667
0.32725	0.028333333333333335
0.317625	0.023333333333333334
0.30516666666666664	0.03333333333333333
0.29875	0.01875
0.3477083333333333	0.012083333333333335
0.36375	0.0175
0.33879166666666666	0.017499999999999998
0.3232916666666667	0.025416666666666667
0.3159166666666667	0.0075
0.3117083333333333	0.013333333333333334
0.31224999999999997	0.014583333333333335
0.3182916666666667	0.023749999999999997
0.35479166666666667	0.014166666666666668
0.3581666666666667	0.012916666666666667
0.34600000000000003	0.015416666666666667
0.3389583333333333	0.030833333333333334
0.32666666666666666	0.03791666666666667
0.32083333333333336	0.03666666666666667
0.3132916666666667	0.04791666666666666
0.31616666666666665	0.042083333333333334
0.3134166666666667	0.024583333333333332
0.30979166666666663	0.01625
0.30745833333333333	0.010833333333333334
0.3142916666666667	0.03958333333333334
0.35320833333333335	0.011666666666666667
0.3425	0.017916666666666668
0.33008333333333334	0.019583333333333335
0.32416666666666666	0.009583333333333334
0.37395833333333334	0.012083333333333335
0.3779166666666667	0.024583333333333332
0.3615	0.046250000000000006
0.34029166666666666	0.06874999999999999
0.3388333333333334	0.035416666666666666
0.33637500000000004	0.08583333333333333
0.32987500000000003	0.02291666666666667
0.3455	0.02875
0.339625	0.050833333333333335
0.3312916666666667	0.024583333333333332
0.327375	0.01916666666666667
0.324375	0.011666666666666667
0.333125	0.011250000000000001
0.3279166666666667	0.02875
0.32225	0.029166666666666664
0.31758333333333333	0.055
0.31145833333333334	0.08333333333333333
0.30283333333333334	0.035
0.30083333333333334	0.030833333333333334
0.3050833333333333	0.04833333333333334
0.3247083333333333	0.03791666666666667
0.31816666666666665	0.025416666666666667
0.31575000000000003	0.051666666666666666
0.3172916666666667	0.05958333333333333
0.32354166666666667	0.04
0.34354166666666663	0.01
0.36066666666666664	0.011666666666666667
0.34583333333333327	0.016666666666666666
0.3406666666666667	0.028333333333333335
0.33037500000000003	0.05541666666666667
0.32625	0.0675
0.33229166666666665	0.042916666666666665
0.338125	0.09125
0.3240416666666667	0.03833333333333334
0.33416666666666667	0.042083333333333334
0.34545833333333337	0.06
0.34175	0.05416666666666667
0.33145833333333335	0.03916666666666667
0.322875	0.06166666666666667
0.3155833333333333	0.05708333333333334
0.32208333333333333	0.0625
0.32116666666666666	0.07041666666666667
0.31224999999999997	0.08916666666666667
0.30691666666666667	0.06125
0.332625	0.037083333333333336
0.31958333333333333	0.04791666666666667
0.31666666666666665	0.06791666666666667
0.30775	0.052083333333333336
0.301875	0.041666666666666664
0.314	0.0725
0.3217083333333333	0.09291666666666666
0.32066666666666666	0.075
0.3134166666666667	0.11458333333333333
0.29941666666666666	0.08125
0.288875	0.0625
0.2884583333333333	0.06791666666666667
0.29216666666666663	0.09541666666666666
0.28075	0.08041666666666666
0.2743333333333334	0.0825
0.26566666666666666	0.06375
0.263	0.06375
0.258875	0.059166666666666666
0.25495833333333334	0.06416666666666666
0.2505	0.0725
0.24662499999999998	0.07625
0.24475	0.05458333333333334
0.24366666666666667	0.057499999999999996
0.24383333333333335	0.0525
0.241125	0.05625
0.23575000000000002	0.07291666666666667
0.2295	0.08125
0.21179166666666668	0.08208333333333333
0.19225	0.07833333333333332
0.18858333333333333	0.11125
0.180875	0.12958333333333333
0.16645833333333335	0.11916666666666666
0.14641666666666667	0.09166666666666667
0.163125	0.057083333333333326
0.16187500000000002	0.09708333333333334
0.16058333333333333	0.085
0.16008333333333333	0.10041666666666667
0.14783333333333334	0.12
0.14375	0.12458333333333332
0.13895833333333335	0.13375
0.13483333333333333	0.14833333333333334
0.12416666666666666	0.16833333333333333
0.10641666666666666	0.14708333333333332
0.10641666666666666	0.15916666666666665
0.09549999999999999	0.10541666666666666
0.10016666666666667	0.14041666666666666
0.10725	0.19999999999999998
0.11991666666666667	0.11208333333333333
0.16333333333333333	0.02875
0.26133333333333336	0.04958333333333333
0.25045833333333334	0.06541666666666666
0.24716666666666667	0.08958333333333333
0.24479166666666666	0.09625
0.24808333333333332	0.07708333333333334
0.25004166666666666	0.125
0.27029166666666665	0.14291666666666666
0.23454166666666665	0.12458333333333334
0.267125	0.09458333333333334
0.2604166666666667	0.11041666666666666
0.25129166666666664	0.12125000000000001
0.22891666666666666	0.13791666666666666
0.2081666666666667	0.1729166666666667
0.18883333333333333	0.21333333333333335
0.19699999999999998	0.12541666666666668
0.21691666666666665	0.09166666666666667
0.204875	0.15416666666666665
0.19675	0.10916666666666668
0.23520833333333335	0.06958333333333333
0.22416666666666665	0.11416666666666665
0.206875	0.15
0.22337500000000002	0.043333333333333335
0.25783333333333336	0.06958333333333333
0.26491666666666663	0.12166666666666666
0.25866666666666666	0.13375
0.24729166666666666	0.08875
0.27145833333333336	0.08541666666666665
0.256625	0.16458333333333333
0.22908333333333333	0.15625
0.21554166666666666	0.18625
0.211875	0.12083333333333333
0.19929166666666667	0.15583333333333332
0.18129166666666666	0.17458333333333334
0.16733333333333333	0.15166666666666667
0.17779166666666665	0.16
0.20637499999999998	0.09791666666666667
0.2559166666666667	0.10666666666666667
0.2957083333333333	0.1275
0.264625	0.18416666666666667
0.229625	0.18833333333333332
0.19979166666666667	0.22458333333333333
0.17900000000000002	0.2520833333333333
0.20870833333333336	0.16958333333333334
0.20662499999999998	0.21833333333333335
0.18570833333333334	0.21958333333333335
0.170125	0.21958333333333332
0.221	0.1425
0.272375	0.19958333333333333
0.23445833333333332	0.26333333333333336
0.20154166666666665	0.2275
0.20758333333333334	0.24083333333333334
0.18408333333333335	0.22708333333333333
0.1814583333333333	0.19000000000000003
0.2784583333333333	0.16375
0.3340416666666666	0.08875
0.30420833333333336	0.21083333333333332
0.25570833333333337	0.23666666666666666
0.24654166666666666	0.145
0.23687499999999997	0.09875
0.2373333333333333	0.16
0.21320833333333333	0.21041666666666667
0.2115	0.20541666666666666
0.30483333333333335	0.18791666666666665
0.253875	0.225
0.22204166666666666	0.22208333333333333
0.222	0.21666666666666667
0.36012500000000003	0.17125
0.33741666666666664	0.1225
0.366875	0.15166666666666667
0.3282916666666667	0.11625
0.39079166666666665	0.10666666666666667
0.35229166666666667	0.21833333333333335
0.30383333333333334	0.21708333333333332
0.2780416666666667	0.18708333333333335
0.2575	0.19375
0.241125	0.21958333333333332
0.22887500000000002	0.205
0.27370833333333333	0.22416666666666665
0.24370833333333333	0.22916666666666666
0.21262499999999998	0.28291666666666665
0.19200000000000003	0.23625
0.22729166666666667	0.23
0.19570833333333335	0.2025
0.25558333333333333	0.21666666666666667
0.22333333333333336	0.24
0.341875	0.14375000000000002
0.2961666666666667	0.21833333333333335
0.245625	0.2654166666666667
0.2460416666666667	0.22041666666666668
0.24733333333333332	0.21875
0.338875	0.21125000000000002
0.29325	0.22333333333333336
0.3269166666666667	0.22708333333333333
0.2604166666666667	0.22583333333333333
0.235125	0.19041666666666668
0.3145833333333333	0.08333333333333333
0.302875	0.18458333333333332
0.27220833333333333	0.15291666666666667
0.27158333333333334	0.13583333333333333
0.2363333333333333	0.20750000000000002
0.24470833333333333	0.15708333333333332
0.23033333333333336	0.19083333333333333
0.21341666666666667	0.19958333333333333
0.18691666666666665	0.29458333333333336
0.16120833333333334	0.31083333333333335
0.16870833333333335	0.24708333333333332
0.17379166666666668	0.22708333333333333
0.16366666666666665	0.2354166666666667
0.15441666666666667	0.23541666666666664
0.14733333333333332	0.24541666666666664
0.14770833333333333	0.3204166666666667
0.13733333333333334	0.27791666666666665
0.137875	0.2558333333333333
0.13504166666666667	0.2833333333333333
0.16145833333333334	0.28375
0.15579166666666666	0.29
0.23779166666666665	0.13291666666666666
0.21837499999999999	0.15083333333333335
0.2155	0.21291666666666667
0.22187500000000002	0.15083333333333335
0.23416666666666666	0.10375000000000001
0.24170833333333333	0.2558333333333333
0.21183333333333332	0.22708333333333333
0.20066666666666666	0.19666666666666666
0.17983333333333332	0.23166666666666666
0.16454166666666667	0.26375
0.15295833333333334	0.25
0.15425	0.1475
0.1595	0.2058333333333333
0.24033333333333332	0.16666666666666666
0.29358333333333336	0.2354166666666667
0.24258333333333335	0.22708333333333333
0.2091666666666667	0.19958333333333333
0.18491666666666665	0.19499999999999998
0.16795833333333335	0.21375
0.18537499999999998	0.14291666666666666
0.16008333333333333	0.20916666666666664
0.17049999999999998	0.24875
0.15012499999999998	0.2325
0.14845833333333333	0.24791666666666667
0.1575	0.17375
0.174875	0.14666666666666667
0.279125	0.12166666666666666
0.385	0.06708333333333334
0.39608333333333334	0.08625
0.35250000000000004	0.12458333333333332
0.32925	0.13708333333333333
0.29704166666666665	0.1708333333333333
0.3389583333333333	0.14166666666666666
0.3745416666666667	0.11083333333333334
0.3328333333333333	0.15291666666666667
0.28770833333333334	0.16833333333333333
0.26587500000000003	0.10625000000000001
0.2545	0.17208333333333334
0.24	0.14958333333333332
0.22708333333333333	0.15791666666666668
0.3114166666666667	0.11541666666666667
0.27345833333333336	0.12875
0.249375	0.12208333333333334
0.22904166666666667	0.13041666666666665
0.24020833333333333	0.12625
0.24104166666666668	0.10208333333333335
0.28583333333333333	0.14375000000000002
0.27258333333333334	0.10708333333333332
0.2685	0.11416666666666668
0.25033333333333335	0.13291666666666666
0.257625	0.06958333333333333
0.30383333333333334	0.10916666666666668
0.327375	0.08875000000000001
0.30116666666666664	0.07625
0.287	0.11541666666666667
0.2937083333333333	0.07458333333333333
0.29816666666666664	0.0825
0.295375	0.10083333333333333
0.2781666666666667	0.09999999999999999
0.26666666666666666	0.105
0.25425000000000003	0.09291666666666666
0.254875	0.05791666666666667
0.307375	0.08875
0.3423333333333333	0.04750000000000001
0.3355416666666667	0.09041666666666666
0.328625	0.05333333333333334
0.32708333333333334	0.06291666666666666
0.3685416666666667	0.08625000000000001
0.35233333333333333	0.07125
0.3347083333333334	0.10916666666666668
0.3139166666666667	0.09083333333333334
0.3025	0.07875
0.2929583333333333	0.10083333333333333
0.28325	0.09458333333333334
0.2749166666666667	0.08625
0.2708333333333333	0.09125
0.26233333333333336	0.08666666666666667
0.2587916666666667	0.08375
0.24679166666666666	0.07208333333333333
0.24120833333333333	0.052083333333333336
0.2510833333333333	0.05958333333333333
0.271625	0.02791666666666667
0.28429166666666666	0.0675
0.271625	0.09749999999999999
0.2690416666666667	0.07291666666666667
0.27487500000000004	0.07833333333333334
0.2662083333333333	0.07291666666666667
0.25933333333333336	0.06708333333333334
0.268375	0.024583333333333332
0.2834583333333333	0.05833333333333333
0.3006666666666667	0.050416666666666665
0.3384583333333333	0.08916666666666667
0.31245833333333334	0.017499999999999998
0.30016666666666664	0.05583333333333334
0.2933333333333333	0.034583333333333334
0.29116666666666663	0.035
0.2874583333333333	0.03833333333333334
0.288375	0.03333333333333333
0.28883333333333333	0.03791666666666667
0.3187083333333333	0.07083333333333333
0.30495833333333333	0.06333333333333334
0.32808333333333334	0.03
0.3445416666666667	0.050833333333333335
0.3245416666666667	0.043750000000000004
0.32054166666666667	0.049999999999999996
0.31883333333333336	0.030833333333333334
0.31654166666666667	0.017916666666666668
0.313875	0.030833333333333334
0.30824999999999997	0.034583333333333334
0.30091666666666667	0.050416666666666665
0.2949583333333333	0.03125
0.29224999999999995	0.022083333333333333
0.29266666666666663	0.017083333333333336
0.3013333333333333	0.01375
0.326625	0.015
0.32937500000000003	0.013333333333333334
0.33187500000000003	0.019583333333333335
0.3273333333333333	0.020416666666666666
0.323375	0.0325
0.32108333333333333	0.01625
0.3715	0.014166666666666668
0.3629166666666666	0.017083333333333336
0.3498333333333333	0.03
0.3452916666666667	0.02875
0.34037500000000004	0.024166666666666666
0.3292083333333334	0.023333333333333334
0.322	0.023750000000000004
0.32016666666666665	0.010833333333333334
0.31858333333333333	0.015
0.31725	0.007916666666666667
0.3202083333333334	0.012916666666666667
0.33570833333333333	0.01
0.3312083333333334	0.009583333333333334
0.379375	0.020833333333333332
0.3587916666666666	0.03416666666666667
0.348875	0.016666666666666666
0.36274999999999996	0.008333333333333333
0.375875	0.009583333333333334
0.3581666666666667	0.03208333333333333
0.348875	0.034999999999999996
0.34204166666666663	0.022083333333333333
0.33825	0.01625
0.33720833333333333	0.010833333333333334
0.3660833333333333	0.008333333333333333
0.3567916666666666	0.024166666666666666
0.34629166666666666	0.01375
0.34045833333333336	0.017499999999999998
0.3356666666666667	0.013333333333333334
0.33316666666666667	0.009166666666666667
0.33237500000000003	0.006666666666666667
0.36725	0.014166666666666668
0.38358333333333333	0.0425
0.361	0.02666666666666667
0.35033333333333333	0.016666666666666666
0.355875	0.051666666666666666
0.34541666666666665	0.01625
0.34079166666666666	0.01
0.3376666666666667	0.01916666666666667
0.34170833333333334	0.018333333333333333
